7.011815904022379909e-06 1.545546438051983865e-03
7.342272606779160129e-06 1.790808962557635014e-03
7.688303254130557306e-06 2.047256170899854934e-03
8.050641823472736962e-06 2.314322299531894247e-03
8.430056883490853428e-06 2.591606013532584112e-03
8.827353224396269234e-06 2.878850040806980697e-03
9.243373564994492611e-06 3.175924467210594539e-03
9.679000340204750691e-06 3.482812894697135449e-03
1.013515757282276440e-05 3.799598795110406720e-03
1.061281283349698019e-05 4.126456761197319287e-03
1.111297929307564714e-05 4.463642601152210780e-03
1.163671787167801603e-05 4.811484639098836773e-03
1.218513948904815468e-05 5.170378962515384882e-03
1.275940742096467438e-05 5.540783544611009581e-03
1.336073976670461397e-05 5.923213297335236383e-03
1.399041203279531687e-05 6.318237334206673605e-03
1.464975983853479555e-05 6.726475260427971711e-03
1.534018174901932322e-05 7.148595480541034691e-03
1.606314224168751273e-05 7.585313213153974284e-03
1.682017481267331752e-05 8.037389316529208044e-03
1.761288522955692422e-05 8.505629533460993055e-03
1.844295493741307740e-05 8.990884144671926551e-03
1.931214462538152622e-05 9.494049358222783966e-03
2.022229796132474230e-05 1.001606179371425376e-02
2.117534550249464568e-05 1.055790585827229809e-02
2.217330879050336275e-05 1.112061544337188297e-02
2.321830463928403439e-05 1.170526873792309026e-02
2.431254962513695810e-05 1.231298884523005649e-02
2.545836478838510588e-05 1.294495364063179277e-02
2.665818055661184512e-05 1.360239148598060832e-02
2.791454189992368412e-05 1.428658246514335345e-02
2.923011372917308867e-05 1.499886485015843908e-02
3.060768654859167957e-05 1.574063291312769591e-02
3.205018237482386067e-05 1.651334144848334157e-02
3.356066093491584371e-05 1.731850804169486613e-02
3.514232615640697330e-05 1.815771564821230116e-02
3.679853296328958569e-05 1.903261553700335423e-02
3.853279439225259091e-05 1.994493037334269664e-02
4.034878904430330503e-05 2.089645739869921276e-02
4.225036888757337087e-05 2.188907157637050641e-02
4.424156742785960775e-05 2.292473064922936205e-02
4.632660826423060633e-05 2.400547549444697823e-02
4.850991404784660028e-05 2.513343849997911467e-02
5.079611586299554821e-05 2.631084192076380002e-02
5.319006305024380195e-05 2.754001128001919846e-02
5.569683349253759237e-05 2.882336914737629319e-02
5.832174438607360718e-05 3.016344655457425111e-02
6.107036351878496216e-05 3.156288750055898790e-02
6.394852108036592716e-05 3.302445051463548387e-02
6.696232202888592524e-05 3.455101967177991867e-02
7.011815904022408708e-05 3.614560324596015339e-02
7.342272606779189775e-05 3.781134732740851906e-02
7.688303254130587460e-05 3.955153466001418150e-02
8.050641823472768472e-05 4.136959559714956797e-02
8.430056883490886631e-05 4.326911421056326562e-02
8.827353224396304132e-05 4.525383510666111664e-02
9.243373564994529880e-05 4.732766826322670761e-02
9.679000340204790332e-05 4.949470020227316608e-02
1.013515757282280573e-04 5.175920001785086488e-02
1.061281283349702526e-04 5.412562915144545489e-02
1.111297929307569288e-04 5.659864772615276485e-02
1.163671787167806380e-04 5.918312493721659961e-02
1.218513948904820720e-04 6.188415151898343791e-02
1.275940742096472961e-04 6.470704243594528615e-02
1.336073976670466954e-04 6.765735385336318908e-02
1.399041203279537582e-04 7.074089149804363430e-02
1.464975983853485585e-04 7.396372133619673328e-02
1.534018174901938421e-04 7.733218171628920834e-02
1.606314224168757846e-04 8.085289593288411125e-02
1.682017481267338596e-04 8.453278481507961462e-02
1.761288522955699537e-04 8.837907955495161172e-02
1.844295493741315059e-04 9.239933639973474389e-02
1.931214462538160279e-04 9.660144981667211084e-02
2.022229796132482430e-04 1.009936673006678054e-01
2.117534550249473174e-04 1.055846077983940562e-01
2.217330879050345694e-04 1.103832743767335367e-01
2.321830463928413468e-04 1.153990733238335897e-01
2.431254962513706313e-04 1.206418307094498654e-01
2.545836478838521565e-04 1.261218104547220109e-01
2.665818055661196167e-04 1.318497346439848061e-01
2.791454189992380406e-04 1.378368015655170031e-01
2.923011372917322013e-04 1.440947070044849287e-01
3.060768654859181916e-04 1.506356646156147838e-01
3.205018237482400298e-04 1.574724283315071249e-01
3.356066093491599550e-04 1.646183140063265660e-01
3.514232615640713051e-04 1.720872246597720812e-01
3.679853296328975103e-04 1.798936721423503304e-01
3.853279439225276845e-04 1.880528028499098836e-01
4.034878904430347986e-04 1.965804237246053243e-01
4.225036888757354977e-04 2.054930273007758990e-01
4.424156742785978935e-04 2.148078185446336830e-01
4.632660826423079200e-04 2.245427424887041501e-01
4.850991404784680086e-04 2.347165109419398210e-01
5.079611586299575014e-04 2.453486330195225329e-01
5.319006305024401608e-04 2.564594394640127284e-01
5.569683349253781463e-04 2.680701162878516008e-01
5.832174438607383351e-04 2.802027282555086263e-01
6.107036351878520610e-04 2.928802489143711441e-01
6.394852108036618195e-04 3.061265927973326750e-01
6.696232202888618545e-04 3.199666362256546881e-01
7.011815904022436355e-04 3.344262497099174669e-01
7.342272606779220133e-04 3.495323176860580805e-01
7.688303254130619173e-04 3.653127669453807291e-01
8.050641823472801540e-04 3.817965878949225456e-01
8.430056883490922139e-04 3.990138459421792017e-01
8.827353224396340724e-04 4.169957079365601560e-01
9.243373564994568099e-04 4.357744486456577304e-01
9.679000340204829906e-04 4.553834562682330667e-01
1.013515757282284612e-03 4.758572332203614419e-01
1.061281283349706618e-03 4.972313973978127466e-01
1.111297929307573625e-03 5.195426588808338408e-01
1.163671787167810771e-03 5.428288052808748487e-01
1.218513948904825219e-03 5.671286637031872635e-01
1.275940742096477731e-03 5.924820552599407986e-01
1.336073976670472266e-03 6.189297356795083749e-01
1.399041203279543111e-03 6.465114551254572683e-01
1.464975983853491386e-03 6.752694311847772246e-01
1.534018174901944764e-03 7.052483123327756287e-01
1.606314224168764460e-03 7.364915685203698992e-01
1.682017481267345481e-03 7.690429836273883213e-01
1.761288522955706693e-03 8.029464746132134456e-01
1.844295493741322702e-03 8.382458342077752089e-01
1.931214462538168464e-03 8.749844722360847760e-01
2.022229796132490615e-03 9.132050947324732437e-01
2.117534550249481739e-03 9.529493373991027028e-01
2.217330879050354638e-03 9.942573644035526126e-01
2.321830463928423009e-03 1.037167348805621003e+00
2.431254962513716179e-03 1.081715040181768561e+00
2.545836478838532299e-03 1.127933043359654830e+00
2.665818055661206901e-03 1.175850239455169755e+00
2.791454189992391682e-03 1.225491124655002650e+00
2.923011372917332529e-03 1.276874784173305910e+00
3.060768654859189614e-03 1.330014291629330048e+00
3.205018237482395310e-03 1.384915546817218734e+00
3.356066093491541762e-03 1.441576452281451592e+00
3.514232615640440482e-03 1.499985763357213786e+00
3.679853296327875289e-03 1.560121875782120915e+00
3.853279439221133241e-03 1.621952007721628286e+00
4.034878904415479563e-03 1.685430984316329317e+00
4.225036888706235928e-03 1.750499431829013686e+00
4.424156742617258754e-03 1.817083935779699289e+00
4.632660825887774218e-03 1.885094900790826866e+00
4.850991403150352321e-03 1.954426174216988388e+00
5.079611581493313072e-03 2.024954415229217819e+00
5.319006291396808847e-03 2.096538399479883630e+00
5.569683311964954489e-03 2.169017841337424812e+00
5.832174340050981162e-03 2.242215234199591567e+00
6.107036100035086700e-03 2.315934677177364343e+00
6.394851485300676389e-03 2.389963977518184457e+00
6.696230711512226805e-03 2.464070641870115708e+00
7.011812441777937228e-03 2.538010937719879401e+00
7.342264808714584270e-03 2.611523221755987834e+00
7.688286199587547783e-03 2.684333850968720903e+00
8.050605576100544614e-03 2.756158316318478185e+00
8.429981954862442173e-03 2.826696537751955951e+00
8.827202460702125025e-03 2.895640182077258817e+00
9.243078066174380270e-03 2.962670367090364021e+00
9.678435736652309454e-03 3.027443265210167933e+00
1.013410521806799858e-02 3.089617805459872191e+00
1.061089817424230169e-02 3.148822486740916915e+00
1.110957690287213417e-02 3.204669017558962718e+00
1.163080962708197205e-02 3.256748455472230575e+00
1.217510969490752208e-02 3.304629860227325633e+00
1.274275738458648284e-02 3.347868210823569335e+00
1.333370594892830004e-02 3.386017088064677605e+00
1.394747843477846076e-02 3.418643040314996551e+00
1.458306849137505287e-02 3.445357376611226652e+00
1.523886543826660257e-02 3.465842231543433627e+00
1.591262829791656799e-02 3.479889483345865564e+00
1.660153125794483833e-02 3.487421719726883751e+00
1.730229114780277785e-02 3.488514360818769422e+00
1.801136722437640669e-02 3.483400683118670127e+00
1.872520184969160562e-02 3.472448718034836013e+00
1.944045754254001418e-02 3.456137042792176928e+00
2.015420813062258204e-02 3.434992724431856104e+00
2.086405785933127463e-02 3.409596523968992265e+00
2.156818385056305173e-02 3.380532203398535440e+00
2.226531484282581741e-02 3.348328374672397523e+00
2.295466773947212394e-02 3.313494380353281699e+00
2.363586363924629827e-02 3.276499175383956075e+00
2.430884018748875885e-02 3.237705592090657891e+00
2.497377084145009293e-02 3.197514324888141246e+00
2.563099622301031472e-02 3.156201110258083364e+00
2.628096895868913679e-02 3.114041597772456260e+00
2.692421121969503645e-02 3.071254712694432953e+00
2.756128316235222087e-02 3.028041981957485529e+00
2.819276019006849293e-02 2.984574783722202085e+00
2.881921707019735601e-02 2.940989119512122940e+00
2.944121722033312197e-02 2.897419437229332928e+00
3.005930580210029041e-02 2.853979265151733280e+00
3.067400556355730917e-02 2.810756796250701406e+00
3.128581462882724235e-02 2.767834690406941967e+00
3.189520564034947075e-02 2.725287522383597061e+00
3.250262581934042910e-02 2.683206177329539699e+00
3.310849763116675143e-02 2.641620926762454413e+00
3.371321983233941527e-02 2.600597837288506575e+00
3.431716874187477201e-02 2.560176828863808929e+00
3.492069962774427272e-02 2.520408450506653075e+00
3.552414813370206176e-02 2.481320837713037353e+00
3.612783169650268800e-02 2.442966741507119011e+00
3.673205092107258152e-02 2.405355002096589700e+00
3.733709089355886218e-02 2.368518496074070168e+00
3.794322242079910257e-02 2.332472891585551267e+00
3.855070319069515972e-02 2.297267671126530963e+00
3.915977885199894981e-02 2.262881566047383330e+00
3.977068401468444869e-02 2.229361105424301215e+00
4.038364317378580204e-02 2.196698691482177779e+00
4.099887156061474136e-02 2.164917511236007730e+00
4.161657592583663245e-02 2.134008188386450566e+00
4.223695525913008508e-02 2.103985334362383774e+00
4.286020145018560462e-02 2.074848742909109145e+00
4.348649989568763308e-02 2.046589058481844248e+00
4.411603005672479899e-02 2.019227479143285375e+00
4.474896597082059224e-02 1.992726463824819438e+00
4.538547672249748643e-02 1.967105662032514246e+00
4.602572687599868623e-02 1.942348221425276966e+00
4.666987687350385161e-02 1.918406774943897330e+00
4.731808340189738726e-02 1.895329398871611781e+00
4.797049973088356872e-02 1.873047437596589537e+00
4.862727602499446883e-02 1.851575644663981945e+00
4.928855963180707456e-02 1.830872985780152451e+00
4.995449534847309914e-02 1.810912563311228407e+00
5.062522566847084404e-02 1.791662817398155694e+00
5.130089101031058002e-02 1.773131091162940098e+00
5.198162992976312902e-02 1.755249359467781378e+00
5.266757931703490436e-02 1.737990227412606226e+00
5.335887458017908591e-02 1.721316426254604570e+00
5.405564981591289009e-02 1.705197102506416540e+00
5.475803796890158642e-02 1.689586964442048922e+00
5.546617098047162964e-02 1.674447132854830489e+00
5.618017992762708301e-02 1.659733798000496474e+00
5.690019515316244170e-02 1.645400817116057013e+00
5.762634638759329964e-02 1.631407775057875043e+00
5.835876286356071058e-02 1.617687645630096371e+00
5.909757342330595326e-02 1.604204253053133966e+00
5.984290661975923131e-02 1.590909571294828684e+00
6.059489081173765473e-02 1.577744575149429895e+00
6.135365425370391951e-02 1.564660235533728905e+00
6.211932518049826518e-02 1.551600996159059775e+00
6.289203188741983308e-02 1.538517568200219898e+00
6.367190280600179553e-02 1.525360454302107316e+00
6.445906657579504595e-02 1.512075105335472625e+00
6.525365211244850416e-02 1.498612654308487668e+00
6.605578867235036011e-02 1.484926811732239171e+00
6.686560591407217369e-02 1.470972861860835090e+00
6.768323395683817356e-02 1.456703289719792904e+00
6.850880343622375857e-02 1.442086383507280800e+00
6.934244555727107906e-02 1.427079503345440203e+00
7.018429214519397719e-02 1.411652167239390243e+00
7.103447569383145033e-02 1.395777775352286865e+00
7.189312941199629825e-02 1.379433873609561934e+00
7.276038726785366562e-02 1.362601323770402661e+00
7.363638403145481015e-02 1.345272391596405770e+00
7.452125531554119886e-02 1.327434545331768856e+00
7.541513761472569410e-02 1.309093542687888467e+00
7.631816834314988918e-02 1.290255375396349269e+00
7.723048587070917292e-02 1.270933708907873827e+00
7.815222955793085791e-02 1.251148415718098761e+00
7.908353978958450325e-02 1.230926632391237785e+00
8.002455800709820655e-02 1.210301620982877413e+00
8.097542673984982342e-02 1.189312061658806652e+00
8.193628963539714705e-02 1.168007778899273097e+00
8.290729148870755461e-02 1.146438584144825690e+00
8.388857827044321480e-02 1.124656185231797112e+00
8.488029715435520262e-02 1.102729968728610732e+00
8.588259654383616215e-02 1.080719861962599282e+00
8.689562609767893797e-02 1.058694222294820353e+00
8.791953675508566712e-02 1.036723588800068763e+00
8.895448075996970072e-02 1.014888418976725548e+00
9.000061168459075334e-02 9.932524295628331057e-01
9.105808445256181882e-02 9.718942126827909700e-01
9.212705536126453154e-02 9.508830559324219500e-01
9.320768210370873608e-02 9.302900848964839042e-01
9.430012378987030763e-02 9.101816271430924754e-01
9.540454096754023838e-02 8.906201449343909005e-01
9.652109564271749154e-02 8.716666894100484342e-01
9.764995129957664000e-02 8.533693709185848908e-01
9.879127292004125094e-02 8.357770476970904916e-01
9.994522700299307560e-02 8.189289213559691749e-01
1.011119815831469232e-01 8.028546125581289550e-01
1.022917062496206259e-01 7.875794733855131513e-01
1.034845721642292521e-01 7.731158526147039467e-01
1.046907520795329893e-01 7.594713233688267229e-01
1.059104203566676727e-01 7.466439048704017756e-01
1.071437529829871865e-01 7.346142719508632624e-01
1.083909275895473534e-01 7.233650657200962897e-01
1.096521234684607743e-01 7.128613281494642351e-01
1.109275215901527195e-01 7.030663441179517692e-01
1.122173046205483943e-01 6.939245378568782430e-01
1.135216569382225121e-01 6.853824033966819940e-01
1.148407646515424013e-01 6.773714181035759285e-01
1.161748156158369100e-01 6.698165840875950350e-01
1.175239994506233898e-01 6.626395604698058772e-01
1.188885075569261068e-01 6.557541100298638348e-01
1.202685331347205511e-01 6.490708413542155553e-01
1.216642712005379795e-01 6.424970094605110260e-01
1.230759186052662740e-01 6.359413172936727587e-01
1.245036740521835855e-01 6.293141701404437738e-01
1.259477381152624142e-01 6.225244265817492240e-01
1.274083132577825961e-01 6.154905605405192048e-01
1.288856038512928848e-01 6.081379378558486870e-01
1.303798161949614176e-01 6.004007714500929627e-01
1.318911585353574611e-01 5.922250070203364247e-01
1.334198410867061813e-01 5.835722145124199178e-01
1.349660760516618041e-01 5.744158245535173624e-01
1.365300776426430496e-01 5.647487725652442503e-01
1.381120621037780494e-01 5.545789529523305061e-01
1.397122477335062396e-01 5.439314303674357420e-01
1.413308549078858833e-01 5.328486060570737370e-01
1.429681061046577106e-01 5.213872382934199301e-01
1.446242259281163012e-01 5.096186905879269702e-01
1.462994411348416957e-01 4.976265360959746253e-01
1.479939806603461361e-01 4.855020490459176497e-01
1.497080756466911411e-01 4.733456319321056593e-01
1.514419594711321204e-01 4.612591210487798632e-01
1.531958677758497034e-01 4.493452947626642158e-01
1.549700384988267898e-01 4.377021363739656001e-01
1.567647119059341621e-01 4.264277604343902905e-01
1.585801306242869135e-01 4.156054855604966458e-01
1.604165396769368646e-01 4.053059997678616355e-01
1.622741865189672450e-01 3.955930496738503388e-01
1.641533210750575345e-01 3.865029461868687011e-01
1.660541957785884593e-01 3.780639562945348198e-01
1.679770656123583950e-01 3.702871424283811219e-01
1.699221881509841714e-01 3.631608564831035890e-01
1.718898236050617756e-01 3.566568499621525223e-01
1.738802348671634468e-01 3.507287290418499848e-01
1.758936875597501837e-01 3.453256011156724536e-01
1.779304500850805160e-01 3.403437512065625725e-01
1.799907936771982520e-01 3.357178516158565440e-01
1.820749924560840505e-01 3.313529357855510837e-01
1.841833234840586087e-01 3.271447323238655946e-01
1.863160668245262552e-01 3.230264657125083150e-01
1.884735056031508760e-01 3.188807285298796423e-01
1.906559260715589843e-01 3.145950286287115261e-01
1.928636176736660823e-01 3.100874241540553244e-01
1.950968731147262325e-01 3.052891317717997266e-01
1.973559884332074243e-01 3.001519691418801927e-01
1.996412630755972917e-01 2.946531775236618800e-01
2.019529999742481485e-01 2.887944707683490764e-01
2.042915056283730046e-01 2.826026357936003985e-01
2.066570901883068301e-01 2.761303686713292294e-01
2.090500675431524180e-01 2.694469588587174447e-01
2.114707554119327759e-01 2.626367566156909694e-01
2.139194754383765829e-01 2.557923593337469992e-01
2.163965532894668586e-01 2.490096036527581214e-01
2.189023187578879315e-01 2.423751446279029387e-01
2.214371058685107307e-01 2.359655098686168628e-01
2.240012529890602622e-01 2.298484772817995236e-01
2.265951029451156729e-01 2.240868629055911276e-01
2.292190031395979766e-01 2.187030592278753904e-01
2.318733056769064771e-01 2.137352600772074451e-01
2.345583674918724215e-01 2.091711150778907957e-01
2.372745504837023289e-01 2.050000099916891028e-01
2.400222216550938759e-01 2.011875234321853501e-01
2.428017532567119940e-01 1.976778485974100830e-01
2.456135229372214401e-01 1.944018953926003879e-01
2.484579138990820613e-01 1.912768906626570176e-01
2.513353150603189201e-01 1.882213730417767461e-01
2.542461212224925715e-01 1.851594492370252643e-01
2.571907332451009442e-01 1.820196089684809615e-01
2.601695582266588258e-01 1.787530534768435042e-01
2.631830096927088580e-01 1.753263957562644915e-01
2.662315077910339389e-01 1.717264840842556706e-01
2.693154794943486419e-01 1.679590253890420326e-01
2.724353588107667479e-01 1.640476636927685195e-01
2.755915870023522563e-01 1.600343077480077258e-01
2.787846128120783917e-01 1.559737942666369892e-01
2.820148926995356131e-01 1.519308311102602338e-01
2.852828910857473921e-01 1.479714477613915946e-01
2.885890806074701276e-01 1.441588135729604814e-01
2.919339423813749335e-01 1.405420904013637839e-01
2.953179662785284654e-01 1.371526478128101134e-01
2.987416512096145449e-01 1.340006827054426586e-01
3.022055054213609870e-01 1.310766442796126863e-01
3.057100468046610175e-01 1.283550649315203518e-01
3.092558032149080871e-01 1.257992436402419478e-01
3.128433128050897571e-01 1.233658206540817759e-01
3.164731243722186393e-01 1.210078351602352081e-01
3.201457977177106229e-01 1.186782241381286046e-01
3.238619040223564838e-01 1.163335155478302102e-01
3.276220262365698299e-01 1.139397053472328558e-01
3.314267594866351918e-01 1.114780334183005650e-01
3.352767114977224239e-01 1.089481361964942108e-01
3.391725030344788228e-01 1.063662365089752954e-01
3.431147683600613840e-01 1.037615292687400492e-01
3.471041557145203571e-01 1.011683211723294062e-01
3.511413278135046556e-01 9.862080927413587050e-02
3.552269623683166344e-01 9.614935450710138110e-02
3.593617526284103025e-01 9.377950576570225072e-02
3.635464079474923782e-01 9.152875709012162075e-02
3.677816543744624189e-01 8.940424879203366648e-02
3.720682352705040330e-01 8.739845201683150988e-02
3.764069119537250541e-01 8.549082487016367027e-02
3.807984643728344887e-01 8.365180809204866841e-02
3.852436918114409137e-01 8.185152099795321712e-02
3.897434136246625269e-01 8.006554971481444349e-02
3.942984700098489670e-01 7.827772173239211373e-02
3.989097228133372530e-01 7.648002891806579551e-02
4.035780563752937589e-01 7.467039944411425767e-02
4.083043784148320254e-01 7.285557937358744240e-02
4.130896209577493150e-01 7.105075798032017831e-02
4.179347413093837948e-01 6.927668704264700050e-02
4.228407230752709856e-01 6.755345522720489215e-02
4.278085772324675129e-01 6.589325037480296687e-02
4.328393432546101538e-01 6.429931073410209696e-02
4.379340902940035973e-01 6.276867203143875196e-02
4.430939184242643214e-01 6.129530531419570549e-02
4.483199599473071673e-01 5.986906020714861942e-02
4.536133807687419139e-01 5.847619392510478020e-02
4.589753818460465817e-01 5.710117882330450340e-02
4.644072007142162617e-01 5.573445965321636303e-02
4.699101130939394855e-01 5.437547714500294560e-02
4.754854345877428390e-01 5.302936225492500821e-02
4.811345224699661860e-01 5.170251756742542948e-02
4.868587775768885573e-01 5.040079044800287872e-02
4.926596463038225293e-01 4.913180404044342753e-02
4.985386227165418682e-01 4.790289470484278972e-02
5.044972507849988519e-01 4.671554892582095719e-02
5.105371267479359432e-01 4.556390074813430890e-02
5.166599016177064740e-01 4.444106142481742128e-02
5.228672838353937147e-01 4.334239259348851570e-02
5.291610420871656340e-01 4.226376303356513264e-02
5.355430082937340242e-01 4.120071555802239799e-02
5.420150807858096220e-01 4.015134718165857403e-02
5.485792276795617983e-01 3.911983294955471979e-02
5.552374904673281764e-01 3.811114260151798883e-02
5.619919878401750113e-01 3.712714750211412035e-02
5.688449197604026342e-01 3.616795756191067829e-02
5.757985718037406109e-01 3.523459007625669853e-02
5.828553197927962559e-01 3.432548957756106911e-02
5.900176347453301995e-01 3.343653240829208562e-02
5.972880881631632555e-01 3.256470908984739759e-02
6.046693576899790923e-01 3.170951884592960318e-02
6.121642331690251293e-01 3.087054458308534366e-02
6.197756231347537614e-01 3.004825037411480021e-02
6.275065617758164294e-01 2.924371874828649714e-02
6.353602164105892625e-01 2.845980095929008524e-02
6.433398955205937852e-01 2.769392617507686685e-02
6.514490573918566563e-01 2.694532847396274855e-02
6.596913194194763408e-01 2.621468836243162973e-02
6.680704681365142728e-01 2.549905827252162832e-02
6.765904700348811529e-01 2.479725650958909677e-02
6.852554832532460338e-01 2.411168704870144189e-02
6.940698702152593436e-01 2.343992921063625667e-02
7.030382113106805608e-01 2.278311149215761847e-02
7.121653197224896426e-01 2.214249795284710040e-02
7.214562575148898427e-01 2.151580024790316834e-02
7.309163531104889699e-01 2.090267584242024718e-02
7.405512203000896854e-01 2.030406703017368503e-02
7.503667789456994752e-01 1.971654782499300193e-02
7.603692775568710038e-01 1.914257430554686112e-02
7.705653179426873445e-01 1.858289057377265213e-02
7.809618821669842559e-01 1.803271455595250802e-02
7.915663620632780173e-01 1.749664005816735021e-02
8.023865915988611652e-01 1.697179981293100992e-02
8.134308824153267947e-01 1.645967898756175302e-02
8.247080629161358534e-01 1.595661304180547371e-02
8.362275213216631142e-01 1.546573187013302111e-02
8.479992531694998670e-01 1.498555038036109531e-02
8.600339138039062581e-01 1.451556988292902924e-02
8.723428764746603559e-01 1.405630412155274393e-02
8.849382967538741429e-01 1.360670761432867908e-02
8.978331840816698994e-01 1.316764836836999131e-02
9.110414813703470172e-01 1.273801384768605618e-02
9.245781537346412504e-01 1.231662340179607434e-02
9.384592875762132191e-01 1.190500796926682696e-02
9.527022014375304826e-01 1.150256583075633630e-02
9.673255702584131477e-01 1.110887845512057402e-02
9.823495649230779003e-01 1.072361605658305427e-02
9.977960092827906635e-01 1.034639861022724518e-02
1.013688557186476658e+00 9.977925708869763571e-03
1.030052892457116176e+00 9.617214338338809024e-03
1.046916955224886703e+00 9.264015175044423844e-03
1.064311198579233952e+00 8.918321050068121411e-03
1.082268880142646328e+00 8.580118691977502501e-03
1.100826393910638412e+00 8.249077220885631459e-03
1.120023648556590423e+00 7.924857982602879700e-03
1.139904499376189095e+00 7.607618818254687117e-03
1.160517242149469830e+00 7.296439233997265190e-03
1.181915178425988477e+00 6.993170759538869241e-03
1.204157263073186712e+00 6.695526665336197850e-03
1.227308846328445613e+00 6.404165247966791055e-03
1.251442523981908694e+00 6.118875646225117870e-03
1.276639110549672385e+00 5.839470144847690516e-03
1.302988751141967771e+00 5.566067014190994797e-03
1.330592187814867655e+00 5.298290886140944247e-03
1.359562194936184909e+00 5.035959752135298929e-03
1.390025194618178750e+00 4.779359722473766094e-03
1.422123056277626363e+00 4.528235038895502516e-03
1.456015072029364532e+00 4.282346886853524888e-03
1.491880079361533218e+00 4.042234796362802543e-03
1.529918671068468239e+00 3.807122983877359382e-03
1.570355385760821454e+00 3.578380708758415168e-03
1.613440706346808806e+00 3.353524335760639432e-03
1.659452605863994235e+00 3.135755535278680374e-03
1.708697271187477496e+00 2.922879750279819364e-03
1.761508515612801418e+00 2.717126645576416373e-03
1.818245287233083207e+00 2.517473039367585687e-03
1.879286641234914068e+00 2.324753461262543501e-03
1.945023647706580538e+00 2.139318487907992082e-03
2.015848045240827169e+00 1.961600191888354574e-03
2.092138094005858484e+00 1.792287957670597384e-03
2.174243002337980624e+00 1.631859748071628775e-03
2.262468289581160530e+00 1.480740086060766507e-03
2.357065094047876119e+00 1.339541608550321328e-03
2.458226260419293041e+00 1.208368182335677185e-03
2.566090800895279855e+00 1.087043650868340120e-03
2.680756296265189853e+00 9.760855397716801688e-04
2.802296770720932972e+00 8.748026643033562921e-04
2.930782404562097820e+00 7.823607497686637779e-04
3.066297552385587100e+00 6.995142216093278237e-04
3.208954658828908624e+00 6.248630657327028338e-04
3.358903157535943151e+00 5.572135619816580201e-04
3.516333694361744033e+00 4.969009774999840487e-04
3.681478740115573967e+00 4.428583978928414717e-04
3.854610867924797457e+00 3.945125392607853518e-04
4.036039839731238033e+00 3.513553929838617875e-04
4.226109363850052425e+00 3.128091852269632091e-04
4.425194083304802461e+00 2.784223412805973273e-04
4.633697100409489344e+00 2.477153728824352925e-04
4.852048158104277142e+00 2.204120260667336679e-04
5.080702479341836941e+00 1.959893681571024432e-04
5.320140199083727595e+00 1.742350362490901973e-04
5.570866294260972573e+00 1.549088802381440267e-04
5.833410912231661527e+00 1.376254596308534221e-04
6.108330007518123494e+00 1.223513091142288778e-04
6.396206212467768992e+00 1.086786678667962282e-04
6.697649884991677460e+00 9.652230517237552409e-05
7.013300292748579245e+00 8.571347120119302465e-05
7.343826906628149409e+00 7.606153994753265103e-05
7.689930786750779568e+00 6.755360355742892468e-05
8.052346051665312032e+00 5.996794735342575846e-05
8.431841426513093651e+00 5.321552138866620740e-05
8.829221869233098374e+00 4.721027980399109019e-05
9.245330275952412080e+00 4.185802309442924649e-05
9.681049267972291261e+00 3.713399929932725862e-05
1.013730306353578214e+01 3.292430025091781597e-05
1.061505943805778962e+01 2.920120395914186669e-05
1.111533177684307638e+01 2.584489921852266677e-05
1.163918122458844095e+01 2.291084134884678874e-05
1.218771893620422908e+01 2.032475639676986528e-05
1.276210843371989512e+01 1.797990131755983797e-05
1.336356807426922799e+01 1.593219489506922241e-05
1.399337363438888815e+01 1.406230423866891075e-05
1.465286101611137326e+01 1.246850816603837600e-05
1.534342908059233146e+01 1.106519159058932544e-05
1.606654261528260008e+01 9.790254448384816415e-06
1.682373544093877271e+01 8.661613991080160485e-06
1.761661366506267967e+01 7.684552246326084677e-06
1.844685908867071689e+01 6.775941530064558611e-06
1.931623277361931201e+01 5.997528989919787767e-06
2.022657877805319160e+01 5.312178106254820258e-06
2.117982806789997596e+01 4.694595665214718367e-06
2.217800261270779316e+01 4.155290053213561644e-06
2.322321967451377134e+01 3.676181544294545566e-06
2.431769629884069062e+01 3.245349788154015424e-06
2.546375401734778521e+01 2.861780193283816076e-06
2.666382377211064636e+01 2.535391620470781753e-06
2.792045107197527898e+01 2.236207472795786050e-06
2.923630139192366073e+01 1.980397145996722560e-06
3.061416582690351618e+01 1.747165061312241939e-06
3.205696701211494570e+01 1.542415548188484644e-06
3.356776532231150867e+01 1.364372843347680420e-06
3.514976536326538792e+01 1.207626188912676105e-06
3.680632276916589518e+01 1.062373399842838385e-06
3.854095132036944449e+01 9.449682485443612560e-07
4.035733039659886146e+01 8.285173433921806024e-07
4.225931278140100034e+01 7.291730175110582778e-07
4.425093283441725589e+01 6.453923204010938001e-07
4.633641504880122142e+01 5.688929706270945769e-07
4.852018301193507455e+01 5.082465851148008783e-07
5.080686878845149579e+01 4.450480690113901196e-07
5.320132274546378426e+01 3.916392850911609469e-07
5.570862384084479402e+01 3.449625387572353664e-07
5.833409039637754034e+01 3.027741802103663231e-07
6.108329137862873637e+01 2.639702079857385732e-07
6.396205821147354698e+01 2.315014031177710993e-07
6.697649714532741427e+01 2.093151587132325352e-07
7.013300220932191564e+01 1.826600925000058106e-07
7.343826877389778929e+01 1.621176803105850384e-07
7.689930775258331153e+01 1.443337729329853185e-07
8.052346047308185462e+01 1.262360096190326940e-07
8.431841424921221062e+01 1.111725745023877898e-07
8.829221868673187146e+01 1.004566949227776370e-07
9.245330275763005545e+01 8.701578568832516882e-08
9.681049267910739786e+01 7.391780607043833172e-08
1.013730306351659749e+02 6.713806597396473829e-08
1.061505943805207153e+02 5.810112954238001488e-08
1.111533177684146381e+02 5.262237748458859208e-08
1.163918122458802742e+02 4.501824610672663328e-08
1.218771893620415199e+02 4.032913249788788453e-08
1.276210843371990649e+02 3.530580177031048106e-08
1.336356807426926707e+02 3.173225775082529245e-08
1.399337363438893362e+02 2.944005924306229801e-08
1.465286101611142442e+02 2.395225468089644421e-08
1.534342908059238368e+02 2.170192747915415828e-08
1.606654261528265124e+02 1.832483524367194414e-08
1.682373544093882742e+02 1.590672986563152536e-08
1.761661366506273509e+02 1.438595106079428251e-08
1.844685908867077728e+02 1.274780769376506258e-08
1.931623277361937312e+02 1.149094407017902769e-08
2.022657877805325484e+02 1.002725126568145769e-08
2.117982806790004418e+02 8.831224238546451240e-09
2.217800261270786280e+02 7.574727025646978741e-09
2.322321967451384239e+02 6.891084236324977176e-09
2.431769629884076664e+02 5.623913549348978423e-09
2.546375401734786408e+02 4.648463521624823286e-09
2.666382377211073162e+02 4.498459427524340594e-09
2.792045107197537277e+02 3.944281998990902692e-09
2.923630139192375736e+02 3.551739990641813715e-09
3.061416582690361565e+02 3.399277894233594107e-09
3.205696701211505228e+02 3.054287235101626577e-09
3.356776532231161809e+02 2.288563717368771798e-09
3.514976536326550445e+02 2.070157397591975713e-09
3.680632276916600745e+02 1.287242249378034508e-09
3.854095132036956670e+02 1.495975874491284302e-09
4.035733039659898509e+02 1.167193909930542496e-09
4.225931278140113250e+02 1.194469490971954295e-09
4.425093283441739800e+02 1.057590628725386619e-09
4.633641504880137063e+02 9.117261500799969752e-10
4.852018301193522802e+02 7.884367880507010022e-10
5.080686878845166348e+02 6.250275253654941982e-10
5.320132274546396047e+02 5.517736444867231099e-10
5.570862384084498444e+02 5.955772309489854299e-10
5.833409039637773503e+02 2.479621712846718640e-10
6.108329137862895095e+02 4.083944814836751674e-10
6.396205821147376582e+02 2.431934673167108423e-10
6.697649714532765302e+02 2.910827201374377239e-10
7.013300220932216007e+02 3.745910284889589659e-10
7.343826877389805077e+02 2.316745809241402365e-10
7.689930775258358153e+02 1.887695013998766864e-10
8.052346047308212746e+02 1.662540208104013977e-10
8.431841424921250336e+02 1.541777703068609461e-10
8.829221868673216704e+02 1.173463055443312623e-10
9.245330275763035388e+02 1.248688865368890155e-10
9.681049267910771050e+02 1.099795260937336535e-10
1.013730306351663103e+03 8.165082777288587588e-11
1.061505943805210791e+03 6.945086285194496215e-11
1.111533177684150132e+03 1.130268879913273826e-10
1.163918122458806920e+03 7.790074387336809638e-11
1.218771893620419632e+03 5.000464851387548962e-11
1.276210843371995452e+03 2.974603248051143216e-11
1.336223171746189109e+03 3.528491261951331226e-11
