1.056848109388965018e-05 6.787704952225894796e-03
1.106655826294804973e-05 7.095662242301231139e-03
1.158810908580147262e-05 7.417591467740151587e-03
1.213423984167073046e-05 7.754126539021243512e-03
1.270610894711004794e-05 8.105930110463330229e-03
1.330492941316388579e-05 8.473694905969645155e-03
1.393197141832602897e-05 8.858145071134033988e-03
1.458856500275836158e-05 9.260037608485406635e-03
1.527610288948452735e-05 9.680163858912391173e-03
1.599604343854208081e-05 1.011935107115503885e-02
1.674991374035968386e-05 1.057846401236221465e-02
1.753931285492064623e-05 1.105840669638901395e-02
1.836591520358356333e-05 1.156012413690179867e-02
1.923147412075439184e-05 1.208460422488263387e-02
2.013782557294399253e-05 1.263287966674997258e-02
2.108689205309911423e-05 1.320603000889512650e-02
2.208068665846772469e-05 1.380518378866735577e-02
2.312131736064817195e-05 1.443152071710638619e-02
2.421099147687961147e-05 1.508627404004853761e-02
2.535202035205764550e-05 1.577073293967598197e-02
2.654682426140697848e-05 1.648624509141546901e-02
2.779793754420947134e-05 1.723421924794227636e-02
2.910801397947764677e-05 1.801612814530147502e-02
3.047983241497571167e-05 1.883351127514707249e-02
3.191630266152825624e-05 1.968797795413730622e-02
3.342047166511913397e-05 2.058121051287096007e-02
3.499552996987248413e-05 2.151496757978252697e-02
3.664481848562430505e-05 2.249108754613452291e-02
3.837183557444053976e-05 2.351149218166410926e-02
4.018024447111176890e-05 2.457819041363024093e-02
4.207388105336543906e-05 2.569328227397293593e-02
4.405676197827679394e-05 2.685896301480026824e-02
4.613309320213712975e-05 2.807752747767259735e-02
4.830727890185066711e-05 2.935137452966975549e-02
5.058393081678472719e-05 3.068301178380935385e-02
5.296787803088693242e-05 3.207506058982560748e-02
5.546417721581976698e-05 3.353026113593496338e-02
5.807812335683912937e-05 3.505147781165739856e-02
6.081526098416808036e-05 3.664170485466344829e-02
6.368139593368842542e-05 3.830407223094341174e-02
6.668260766189761666e-05 4.004185172969022127e-02
6.982526214125061778e-05 4.185846342901961697e-02
7.311602536324119338e-05 4.375748238918691913e-02
7.656187747786348313e-05 4.574264562203390200e-02
8.017012759944603729e-05 4.781785941329283474e-02
8.394842931026340836e-05 4.998720701647357822e-02
8.790479689480967947e-05 5.225495656672878714e-02
9.204762233917128031e-05 5.462556943466567033e-02
9.638569313155393586e-05 5.710370899013271495e-02
1.009282109017236228e-04 5.969424963505894771e-02
1.056848109388967898e-04 6.240228631904045503e-02
1.106655826294810090e-04 6.523314450009082277e-02
1.158810908580152683e-04 6.819239042908925574e-02
1.213423984167078738e-04 7.128584205606418311e-02
1.270610894711010825e-04 7.451958019065428596e-02
1.330492941316394745e-04 7.789996041380368996e-02
1.393197141832606793e-04 8.143362529056231980e-02
1.458856500275840359e-04 8.512751719625077929e-02
1.527610288948459986e-04 8.898889173363717930e-02
1.599604343854215739e-04 9.302533164287088430e-02
1.674991374035976314e-04 9.724476139066991209e-02
1.753931285492072822e-04 1.016554622194180135e-01
1.836591520358361754e-04 1.062660882320455441e-01
1.923147412075444944e-04 1.110856823720695746e-01
2.013782557294408740e-04 1.161236941879788681e-01
2.108689205309921045e-04 1.213899969918704191e-01
2.208068665846782701e-04 1.268949070855763528e-01
2.312131736064827834e-04 1.326492025794380192e-01
2.421099147687968262e-04 1.386641437721433945e-01
2.535202035205772072e-04 1.449514937904165524e-01
2.654682426140705302e-04 1.515235405111653999e-01
2.779793754420960619e-04 1.583931187639622540e-01
2.910801397947778433e-04 1.655736337694815041e-01
3.047983241497585261e-04 1.730790853536891827e-01
3.191630266152840532e-04 1.809240927452291370e-01
3.342047166511929253e-04 1.891239205127559220e-01
3.499552996987258442e-04 1.976945052296923966e-01
3.664481848562447987e-04 2.066524829357041793e-01
3.837183557444070916e-04 2.160152174252714108e-01
4.018024447111195321e-04 2.258008294001760397e-01
4.207388105336563422e-04 2.360282262273989129e-01
4.405676197827699723e-04 2.467171326119712294e-01
4.613309320213726528e-04 2.578881216118370512e-01
4.830727890185088666e-04 2.695626465854910059e-01
5.058393081678492099e-04 2.817630732731332133e-01
5.296787803088717772e-04 2.945127124100049287e-01
5.546417721582002584e-04 3.078358525108381705e-01
5.807812335683939500e-04 3.217577927231298762e-01
6.081526098416830534e-04 3.363048754124169926e-01
6.368139593368868021e-04 3.515045185095669877e-01
6.668260766189786602e-04 3.673852469658822617e-01
6.982526214125088070e-04 3.839767231734438901e-01
7.311602536324154303e-04 4.013097765290722374e-01
7.656187747786383007e-04 4.194164300730763295e-01
8.017012759944648452e-04 4.383299259195162501e-01
8.394842931026372549e-04 4.580847467323380107e-01
8.790479689481001287e-04 4.787166340780305007e-01
9.204762233917169502e-04 5.002626020698153209e-01
9.638569313155439123e-04 5.227609456083465167e-01
1.009282109017240782e-03 5.462512422408453139e-01
1.056848109388972912e-03 5.707743460899887822e-01
1.106655826294814264e-03 5.963723733413922590e-01
1.158810908580157209e-03 6.230886764465346506e-01
1.213423984167083481e-03 6.509678066245866424e-01
1.270610894711015487e-03 6.800554619336424134e-01
1.330492941316400871e-03 7.103984187763562330e-01
1.393197141832613461e-03 7.420428071218713173e-01
1.458856500275847136e-03 7.750361369819055435e-01
1.527610288948465624e-03 8.094301475093277354e-01
1.599604343854221702e-03 8.452747645880566152e-01
1.674991374035982548e-03 8.826202999984207320e-01
1.753931285492080954e-03 9.215172226844428049e-01
1.836591520358370156e-03 9.620158896259591863e-01
1.923147412075453888e-03 1.004166234959834592e+00
2.013782557294414594e-03 1.048017408954052154e+00
2.108689205309929177e-03 1.093617363645876139e+00
2.208068665846790995e-03 1.141012379170710744e+00
2.312131736064836508e-03 1.190246527954191613e+00
2.421099147687979809e-03 1.241361069418138507e+00
2.535202035205783890e-03 1.294393773006505377e+00
2.654682426140717554e-03 1.349378164254109169e+00
2.779793754420968425e-03 1.406342691523578381e+00
2.910801397947786889e-03 1.465309814198388683e+00
3.047983241497591658e-03 1.526295004641988085e+00
3.191630266152838038e-03 1.589305678565932078e+00
3.342047166511882307e-03 1.654340047180937967e+00
3.499552996987025880e-03 1.721385908121707553e+00
3.664481848561484782e-03 1.790419375961080695e+00
3.837183557440435912e-03 1.861403589789957902e+00
4.018024447098098376e-03 1.934287398475851516e+00
4.207388105291347963e-03 2.009004054635110226e+00
4.405676197677859188e-03 2.085469957870917934e+00
4.613309319736440782e-03 2.163583503060686475e+00
4.830727888722279734e-03 2.243224014440100333e+00
5.058393077360478704e-03 2.324250901000516567e+00
5.296787790800646170e-03 2.406502981710655131e+00
5.546417687838480284e-03 2.489797474383975473e+00
5.807812246187955309e-03 2.573931724169490565e+00
6.081525868951633690e-03 2.658681817861380470e+00
6.368139024098529687e-03 2.743803540094097659e+00
6.668259398486746370e-03 2.829033371646011208e+00
6.982523029089719377e-03 2.914089627814686168e+00
7.311595340874101241e-03 2.998673744580742540e+00
7.656171964803711559e-03 3.082471723866559543e+00
8.016979119066392628e-03 3.165155235087115937e+00
8.394773196937217741e-03 3.246382649334238923e+00
8.790338998460931960e-03 3.325798590113012931e+00
9.204485753412941507e-03 3.403034755016236534e+00
9.638039698587475348e-03 3.477707488912002098e+00
1.009183149774433262e-02 3.549414666010197728e+00
1.056667626369737351e-02 3.617735794269978378e+00
1.106334345167875668e-02 3.682225485981362567e+00
1.158251362365353941e-02 3.742415329164948012e+00
1.212471934250097111e-02 3.797812744742209645e+00
1.269026869237107127e-02 3.847908316296588360e+00
1.327915267599051943e-02 3.892186269127334342e+00
1.389094243964361305e-02 3.930148509028617898e+00
1.452468881619262998e-02 3.961340543751563636e+00
1.517884380799623505e-02 3.985389500077461733e+00
1.585122851229519778e-02 4.002041499431322258e+00
1.653907060435434034e-02 4.011195697629551304e+00
1.723912362201555568e-02 4.012925121011625684e+00
1.794786062100798413e-02 4.007480298538547814e+00
1.866171274261874125e-02 3.995271601179819498e+00
1.937730883908756960e-02 3.976835243787568697e+00
2.009167290790427746e-02 3.952791419389058980e+00
2.080235112478557441e-02 3.923799436677870567e+00
2.150746173203011910e-02 3.890519024714714114e+00
2.220567931428660269e-02 3.853583530247470357e+00
2.289617455521950756e-02 3.813576669876450609e+00
2.357853143827573841e-02 3.771028819594570702e+00
2.425265934354510142e-02 3.726409096186413805e+00
2.491871125949503274e-02 3.680128385011413705e+00
2.557701376442500854e-02 3.632544136897075226e+00
2.622801048314959971e-02 3.583963162739939534e+00
2.687221839163572712e-02 3.534651003706442030e+00
2.751019523150421281e-02 3.484835839313993322e+00
2.814251596030548433e-02 3.434714093151507441e+00
2.876975624806120055e-02 3.384455287277800650e+00
2.939248130186405961e-02 3.334206582686976450e+00
3.001123862340659629e-02 3.284096603026466443e+00
3.062655361119403022e-02 3.234236181763951112e+00
3.123892718189351034e-02 3.184725483049470895e+00
3.184883479720129751e-02 3.135650593436093203e+00
3.245672644728565120e-02 3.087089520060131154e+00
3.306302726662871394e-02 3.039110308523012449e+00
3.366813855094760027e-02 2.991775012435565095e+00
3.427243901208298915e-02 2.945138202612747502e+00
3.487628615734092441e-02 2.899247848125563909e+00
3.548001771553758316e-02 2.854149631121495112e+00
3.608395305759470872e-02 2.809880973153491279e+00
3.668839457771982948e-02 2.766477498780049338e+00
3.729362901402294428e-02 2.723969007035440093e+00
3.789992869637211909e-02 2.682383554502440148e+00
3.850755271546368874e-02 2.641742905647205486e+00
3.911674801127665996e-02 2.602068145972521229e+00
3.972775038186501101e-02 2.563376208886801955e+00
4.034078541523104106e-02 2.525680658890975927e+00
4.095606934811429206e-02 2.488991786400178263e+00
4.157380985613690072e-02 2.453317519247993683e+00
4.219420678001870040e-02 2.418663358087972615e+00
4.281745279262447884e-02 2.385031396989763852e+00
4.344373401150596753e-02 2.352420476013032946e+00
4.407323056140848710e-02 2.320827763787267184e+00
4.470611709096387887e-02 2.290246733546108970e+00
4.534256324751334555e-02 2.260668504163758197e+00
4.598273411371570779e-02 2.232080801573065987e+00
4.662679060930779301e-02 2.204469586505141354e+00
4.727488986110456315e-02 2.177818143746189428e+00
4.792718554406058540e-02 2.152106754994071114e+00
4.858382819596484409e-02 2.127314951710721047e+00
4.924496550810793932e-02 2.103415866050139194e+00
4.991074259404815888e-02 2.080380374760595341e+00
5.058130223840454076e-02 2.058177605891075235e+00
5.125678512742705417e-02 2.036777485780701724e+00
5.193733006292985260e-02 2.016144167425736988e+00
5.262307416102589286e-02 1.996235257685805786e+00
5.331415303696597496e-02 1.977009764819199322e+00
5.401070097726425739e-02 1.958424153408846680e+00
5.471285110018249409e-02 1.940432673981089984e+00
5.542073550554455635e-02 1.922987142125379245e+00
5.613448541476506043e-02 1.906037335476723937e+00
5.685423130189300872e-02 1.889530849921168265e+00
5.758010301639941708e-02 1.873413494382876632e+00
5.831222989837119702e-02 1.857629579408378140e+00
5.905074088671428273e-02 1.842121681042164338e+00
5.979576462091484856e-02 1.826831472807111112e+00
6.054742953685864071e-02 1.811699515922310599e+00
6.130586395716473153e-02 1.796665813691992630e+00
6.207119617644986376e-02 1.781670468051910428e+00
6.284355454190333756e-02 1.766653220117324175e+00
6.362306752952029409e-02 1.751554669152667554e+00
6.440986381631071123e-02 1.736316365180180732e+00
6.520407234877542701e-02 1.720881305218345592e+00
6.600582240791560973e-02 1.705194504204480488e+00
6.681524367101977779e-02 1.689203364891823878e+00
6.763246627045320369e-02 1.672858296810235013e+00
6.845762084965525962e-02 1.656113272945076043e+00
6.929083861653398402e-02 1.638926236142006942e+00
7.013225139443227119e-02 1.621259882859199530e+00
7.098199167082609728e-02 1.603081967600767488e+00
7.184019264390206772e-02 1.584365665674096313e+00
7.270698826715141228e-02 1.565090663082244760e+00
7.358251329210553637e-02 1.545242709412290694e+00
7.446690330933006252e-02 1.524814502671291594e+00
7.536029478778462354e-02 1.503806167337067512e+00
7.626282511264856345e-02 1.482224960968480554e+00
7.717463262170440319e-02 1.460085994994320124e+00
7.809585664036562680e-02 1.437411702331635732e+00
7.902663751542811366e-02 1.414232400568622872e+00
7.996711664761979588e-02 1.390585812105155528e+00
8.091743652301802703e-02 1.366517147249394437e+00
8.187774074339886077e-02 1.342078484531650906e+00
8.284817405557953762e-02 1.317328308452751395e+00
8.382888237981066248e-02 1.292331291301829443e+00
8.482001283727112761e-02 1.267157483306704968e+00
8.582171377671704571e-02 1.241881464323863815e+00
8.683413480033068399e-02 1.216581812307736765e+00
8.785742678881594547e-02 1.191339830584863480e+00
8.889174192578154499e-02 1.166238955778220232e+00
8.993723372145331907e-02 1.141363305974442799e+00
9.099405703575423610e-02 1.116797123564969407e+00
9.206236810078877175e-02 1.092623270646427169e+00
9.314232454276763495e-02 1.068922367722368261e+00
9.423408540340727502e-02 1.045771592883094847e+00
9.533781116083715756e-02 1.023243911748832558e+00
9.645366375004689463e-02 1.001406441061822417e+00
9.758180658290545317e-02 9.803203445547624684e-01
9.872240456778225148e-02 9.600392977438086950e-01
9.987562412880132690e-02 9.406089624629681012e-01
1.010416332247576487e-01 9.220662158062657987e-01
1.022206013677256636e-01 9.044389771757994634e-01
1.034126996413888416e-01 8.877442270234698896e-01
1.046181007191199219e-01 8.719897564283884961e-01
1.058369788818405155e-01 8.571725561351252187e-01
1.070695100356900270e-01 8.432784567497896289e-01
1.083158717295323731e-01 8.302828920491451825e-01
1.095762431723309033e-01 8.181502249216616729e-01
1.108508052504212915e-01 8.068341447614361117e-01
1.121397405447126239e-01 7.962784381145848744e-01
1.134432333478475746e-01 7.864166146137364644e-01
1.147614696813528540e-01 7.771732817920825598e-01
1.160946373128123599e-01 7.684641318948228772e-01
1.174429257730950776e-01 7.601979299881447272e-01
1.188065263736708260e-01 7.522771099091511982e-01
1.201856322240487246e-01 7.445993339150308588e-01
1.215804382493723829e-01 7.370593657727770864e-01
1.229911412082075051e-01 7.295509249363143489e-01
1.244179397105592416e-01 7.219687121066886704e-01
1.258610342361554946e-01 7.142112113930901840e-01
1.273206271530360756e-01 7.061826771711925410e-01
1.287969227364861302e-01 6.977957741121377788e-01
1.302901271883544765e-01 6.889741295829104883e-01
1.318004486567992406e-01 6.796552049656295891e-01
1.333280972565025480e-01 6.697911845494741723e-01
1.348732850893988866e-01 6.593520186087168389e-01
1.364362262659618019e-01 6.483258943586694967e-01
1.380171369270953574e-01 6.367205869817864627e-01
1.396162352666780460e-01 6.245630033218404487e-01
1.412337415548077513e-01 6.118995260324096019e-01
1.428698781617981639e-01 5.987940999871963488e-01
1.445248695829773056e-01 5.853271686342653712e-01
1.461989424643425350e-01 5.715927325159915195e-01
1.478923256291241328e-01 5.576961056931315497e-01
1.496052501053151407e-01 5.437502805932551420e-01
1.513379491542228561e-01 5.298728664649026143e-01
1.530906583001012955e-01 5.161816516952130174e-01
1.548636153609244670e-01 5.027921152618716194e-01
1.566570604803618760e-01 4.898124330307465635e-01
1.584712361610192410e-01 4.773411394808425579e-01
1.603063872990092009e-01 4.654634580932180410e-01
1.621627612199179336e-01 4.542492432981147799e-01
1.640406077162359644e-01 4.437500047092372002e-01
1.659401790863228587e-01 4.339976344487154192e-01
1.678617301749758539e-01 4.250035832742077302e-01
1.698055184156776753e-01 4.167580749658722494e-01
1.717718038745959241e-01 4.092305724816998613e-01
1.737608492964129170e-01 4.023705455310291890e-01
1.757729201520633611e-01 3.961089865934888099e-01
1.778082846884607437e-01 3.903605764604937134e-01
1.798672139802957315e-01 3.850264047457102046e-01
1.819499819839902610e-01 3.799977294084690982e-01
1.840568655938956688e-01 3.751593736558859193e-01
1.861881447008231494e-01 3.704341848724740927e-01
1.883441022529979136e-01 3.656955834757633639e-01
1.905250243195328319e-01 3.608081327104378788e-01
1.927312001565154864e-01 3.556744097939597005e-01
1.949629222758110514e-01 3.502142643538029843e-01
1.972204865166805876e-01 3.443708259094425683e-01
1.995041921203202506e-01 3.381135580911336369e-01
2.018143418074317130e-01 3.314419098324266622e-01
2.041512418589313815e-01 3.243847641662627179e-01
2.065152021999163701e-01 3.169982980849644361e-01
2.089065364870037189e-01 3.093616327487495044e-01
2.113255621991654565e-01 3.015700800176735474e-01
2.137726007321850419e-01 2.937283386126284257e-01
2.162479774968664170e-01 2.859426893846084838e-01
2.187520220211282840e-01 2.783153816516126255e-01
2.212850680561246897e-01 2.709386379134925416e-01
2.238474536865351638e-01 2.638920278359670468e-01
2.264395214451735416e-01 2.572389393745880826e-01
2.290616184320710680e-01 2.510252584766867190e-01
2.317140964381936841e-01 2.452775277690875666e-01
2.343973120739613336e-01 2.400010511343073916e-01
2.371116269027418177e-01 2.351789221949587283e-01
2.398574075795005256e-01 2.307714246697222527e-01
2.426350259947936960e-01 2.267176907567818867e-01
2.454448594243007487e-01 2.229389383605920039e-01
2.482872906841003258e-01 2.193447681572589236e-01
2.511627082919028475e-01 2.158405491793697895e-01
2.540715066344617079e-01 2.123358345569072159e-01
2.570140861413968136e-01 2.087521190184916109e-01
2.599908534656720782e-01 2.050281541404163355e-01
2.630022216709826388e-01 2.011240390367591002e-01
2.660486104263173335e-01 1.970220806951503145e-01
2.691304462079772142e-01 1.927267165428374895e-01
2.722481625093419177e-01 1.882634789625291516e-01
2.754022000586907604e-01 1.836772571693542910e-01
2.785930070454040730e-01 1.790294607016089945e-01
2.818210393548812864e-01 1.743928372495269774e-01
2.850867608125338126e-01 1.698446105960146058e-01
2.883906434372282557e-01 1.654572403512121481e-01
2.917331677045743588e-01 1.612894136181230731e-01
2.951148228204740209e-01 1.573792848718277293e-01
2.985361070053705324e-01 1.537408713847068231e-01
3.019975277896594368e-01 1.503652859791893281e-01
3.054996023207498523e-01 1.472252277827107714e-01
3.090428576822902840e-01 1.442798397508900932e-01
3.126278312261034364e-01 1.414802446220392862e-01
3.162550709174039576e-01 1.387730203610002266e-01
3.199251356939077362e-01 1.361039042042712366e-01
3.236385958394726314e-01 1.334224847179355800e-01
3.273960333729541983e-01 1.306886026598839678e-01
3.311980424529918920e-01 1.278785698853722452e-01
3.350452297994909734e-01 1.249894929554588169e-01
3.389382151326060799e-01 1.220385319308495836e-01
3.428776316300838345e-01 1.190575110395356295e-01
3.468641264038712646e-01 1.160853581186166023e-01
3.508983609969548167e-01 1.131614621683700583e-01
3.549810119014520926e-01 1.103212120685801989e-01
3.591127710990435484e-01 1.075944182056731424e-01
3.632943466248977904e-01 1.050024582656402805e-01
3.675264631563194273e-01 1.025546885644515599e-01
3.718098626274229379e-01 1.002446238713415455e-01
3.761453048712239955e-01 9.804982556590093046e-02
3.805335682906254013e-01 9.593748277828836879e-02
3.849754505598750320e-01 9.387292310847060450e-02
3.894717693581737361e-01 9.182739258246259972e-02
3.940233631372237477e-01 8.978167203260103979e-02
3.986310919246283668e-01 8.772502871335978447e-02
4.032958381651812196e-01 8.565491867251533165e-02
4.080185076022225799e-01 8.357755791707498216e-02
4.128000302013895007e-01 8.150936519265329638e-02
4.176413611192477671e-01 7.947397008739666424e-02
4.225434817194656523e-01 7.749462018501271365e-02
4.275074006393793646e-01 7.558624077994210988e-02
4.325341549099997462e-01 7.375357694515842499e-02
4.376248111327295520e-01 7.199394799299992098e-02
4.427804667162978935e-01 7.030066468169017535e-02
4.480022511776715066e-01 6.866310550326133744e-02
4.532913275109832774e-01 6.706536971393817215e-02
4.586488936288161122e-01 6.548987970971134609e-02
4.640761838805059769e-01 6.392470965423417695e-02
4.695744706524842549e-01 6.236819988612933574e-02
4.751450660560596617e-01 6.082590823208217090e-02
4.807893237084620019e-01 5.930486183428593239e-02
4.865086406134212504e-01 5.781175059107595410e-02
4.923044591480523757e-01 5.635514297178797344e-02
4.981782691633545035e-01 5.494359878745704029e-02
5.041316102062244342e-01 5.357983146600282104e-02
5.101660738715231291e-01 5.225796365735477927e-02
5.162833062934407691e-01 5.096966307111181621e-02
5.224850107861718218e-01 4.970934833067871400e-02
5.287729506447536032e-01 4.847281749599275519e-02
5.351489521178454112e-01 4.725461184087836886e-02
5.416149075652347822e-01 4.605196586653716173e-02
5.481727788139723057e-01 4.486892207881600786e-02
5.548246007282531256e-01 4.371187996015554050e-02
5.615724850095137333e-01 4.258294693162165134e-02
5.684186242446860327e-01 4.148207521270907971e-02
5.753652962221894596e-01 4.041086599608410129e-02
5.824148685370423850e-01 3.936855798387749183e-02
5.895698035084657729e-01 3.834945127836580925e-02
5.968326634355562987e-01 3.734926004328638360e-02
6.042061162190474066e-01 3.636864842219204863e-02
6.116929413798876114e-01 3.540732614739406509e-02
6.192960365083657326e-01 3.446385498014234439e-02
6.270184241808606229e-01 3.354091408001140528e-02
6.348632593850106476e-01 3.264136340120853824e-02
6.428338374982438541e-01 3.176298921777511580e-02
6.509336028692375153e-01 3.090446735458515087e-02
6.591661580570458145e-01 3.006655999510233351e-02
6.675352737884181487e-01 2.924615594099405982e-02
6.760448997003142280e-01 2.844149437382016352e-02
6.846991759418912249e-01 2.765472515269568402e-02
6.935024457184140179e-01 2.688500286976753043e-02
7.024592688687283371e-01 2.613172196493956934e-02
7.115744365783059910e-01 2.539686209375713669e-02
7.208529873415558953e-01 2.467841383298430280e-02
7.303002243003199334e-01 2.397523254728596218e-02
7.399217341004282744e-01 2.328837782255266733e-02
7.497234074251603042e-01 2.261537211277820508e-02
7.597114613837174790e-01 2.195719990701108099e-02
7.698924639547308768e-01 2.131415773740953298e-02
7.802733607097953605e-01 2.068455637179597226e-02
7.908615040705095911e-01 2.006990386697608472e-02
8.016646853850766252e-01 1.946812755455044203e-02
8.126911701478124472e-01 1.887963603825674325e-02
8.239497367276790163e-01 1.830417242883699766e-02
8.354497190211082058e-01 1.774085034525584720e-02
8.472010535009353305e-01 1.719059107732172700e-02
8.592143311984516973e-01 1.665173248671588183e-02
8.715008552308718404e-01 1.612541819366579421e-02
8.840727045735691236e-01 1.560987762075633813e-02
8.969428048772869477e-01 1.510622551515430553e-02
9.101250072475447483e-01 1.461296816352244607e-02
9.236341760393957934e-01 1.413110140477090611e-02
9.374862868788583770e-01 1.365920109476398935e-02
9.516985363065737502e-01 1.319806792290802860e-02
9.662894646540719501e-01 1.274655156500193072e-02
9.812790940137514628e-01 1.230503352078704191e-02
9.966890834564533508e-01 1.187305028259880504e-02
1.012542903992491805e+00 1.145019146469827484e-02
1.028866036171365295e+00 1.103672628985948728e-02
1.045686193681415688e+00 1.063184489048261266e-02
1.063033576853766649e+00 1.023562654545229038e-02
1.080941160606192719e+00 9.848070315555814552e-03
1.099445022093858526e+00 9.468547597143743208e-03
1.118584714176563466e+00 9.097016969628902647e-03
1.138403691775986104e+00 8.733477333459738895e-03
1.158949799287276816e+00 8.377647398191323883e-03
1.180275828425355833e+00 8.029281326471009173e-03
1.202440157211975169e+00 7.688151223042650161e-03
1.225507482206871668e+00 7.354187206711968600e-03
1.249549657480149678e+00 7.027225177310014552e-03
1.274646655080504898e+00 6.707114302904293793e-03
1.300887662652838950e+00 6.393663085962749022e-03
1.328372334042240865e+00 6.086775261284427252e-03
1.357212207633046175e+00 5.786357030873554366e-03
1.387532303967912162e+00 5.492256133838370989e-03
1.419472907626378122e+00 5.204420966454569551e-03
1.453191526628696328e+00 4.922788818418852644e-03
1.488865003302114909e+00 4.647461556184439083e-03
1.526691720368204219e+00 4.378243894414480392e-03
1.566893801061586933e+00 4.115313214153990332e-03
1.609719138252244663e+00 3.858669892676963500e-03
1.655443001767658240e+00 3.608571593126661155e-03
1.704368866052813791e+00 3.365202424518538241e-03
1.756827980944154932e+00 3.128834646885814055e-03
1.813177100819847842e+00 2.899789035915199039e-03
1.873793738887494786e+00 2.678574002018206321e-03
1.939068398305511032e+00 2.465668545522872821e-03
2.009393542808163513e+00 2.261680197364363421e-03
2.085149681245120235e+00 2.067146601847414528e-03
2.166689839134911200e+00 1.882735341298112782e-03
2.254324688312181912e+00 1.708980471141380384e-03
2.348311309546052605e+00 1.546360199232299374e-03
2.448848489402646322e+00 1.395172889204282984e-03
2.556080317433134574e+00 1.255538921170128728e-03
2.670107871116413900e+00 1.127395238858155697e-03
2.791006700311059685e+00 1.010457147746376960e-03
2.918846535650035268e+00 9.042721751881870008e-04
3.053709620927337109e+00 8.082593915096659152e-04
3.195705117665594397e+00 7.217347923004275483e-04
3.344978518479445384e+00 6.439692616480768893e-04
3.501716305307857713e+00 5.742314127507148168e-04
3.666146870451676865e+00 5.117874958837056098e-04
3.838538973744003879e+00 4.559493890226881761e-04
4.019198903887704510e+00 4.060473487415913068e-04
4.208467237501132274e+00 3.615013318841020355e-04
4.406715784986406703e+00 3.217456316059185166e-04
4.614345051547307008e+00 2.862889687509288079e-04
4.831782349500068463e+00 2.546711933227615416e-04
5.059480572614851290e+00 2.264931050605614076e-04
5.297917571829046324e+00 2.013852321100655129e-04
5.547596039292295167e+00 1.790203576502005290e-04
5.809043800927223167e+00 1.591049206992410496e-04
6.082814425903068312e+00 1.413715596635974742e-04
6.369488076882555916e+00 1.255904060363311533e-04
6.669672542417546701e+00 1.115453276024404452e-04
6.984004409308258943e+00 9.905027474067287492e-05
7.313150346541819502e+00 8.793989826407323047e-05
7.657808483107877429e+00 7.805668067462132162e-05
8.018709869729939044e+00 6.927254399383529922e-05
8.396620019854061923e+00 6.146390521669996916e-05
8.792340528698767699e+00 5.452635028112002013e-05
9.206710771344065236e+00 4.835994107285409974e-05
9.640609682169367645e+00 4.288583237134701930e-05
1.009495761876470077e+01 3.802449562629562713e-05
1.057071831395626660e+01 3.370903380931794698e-05
1.106890091994313430e+01 2.987548317993039005e-05
1.159056214881787561e+01 2.647317697756616602e-05
1.213680851398497040e+01 2.345601938421122332e-05
1.270879867722076106e+01 2.077914183822253860e-05
1.330774590634934285e+01 1.840410770157250575e-05
1.393492064874588010e+01 1.629923836608841774e-05
1.459165322612577675e+01 1.443080910256132636e-05
1.527933665633530502e+01 1.277595790261189165e-05
1.599942960812928128e+01 1.130846865848631617e-05
1.675345949520298205e+01 1.000765311327762307e-05
1.754302571604145911e+01 8.855726021924277297e-06
1.836980304645808815e+01 7.835992152775433605e-06
1.923554519201864821e+01 6.931605936673557407e-06
2.014208850788595129e+01 6.130607046873057771e-06
2.109135589397533295e+01 5.422349185484473796e-06
2.208536087368316814e+01 4.794522243334622812e-06
2.312621186484000546e+01 4.238968089539212025e-06
2.421611665194739516e+01 3.747661354336105980e-06
2.535738706918489527e+01 3.312018469839867670e-06
2.655244390412024202e+01 2.927195649543312237e-06
2.780382203252438345e+01 2.587039395241134860e-06
2.911417579518287013e+01 2.285667245994005939e-06
3.048628462810847850e+01 2.019627091696559049e-06
3.192305895809769467e+01 1.783180225074017424e-06
3.342754637613609958e+01 1.574963666314710936e-06
3.500293810174750320e+01 1.391204717643643795e-06
3.665257575199838413e+01 1.228466009934215735e-06
3.837995842951566772e+01 1.084646529042568564e-06
4.018875014455263539e+01 9.573087952771645960e-07
4.208278758684577525e+01 8.450819111042196663e-07
4.406608826374824162e+01 7.456884235606442777e-07
4.614285902190147226e+01 6.582522906569309641e-07
4.831750497052105686e+01 5.807910620808558485e-07
5.059463882522384637e+01 5.123065815355251442e-07
5.297909069221632450e+01 4.519365606986026764e-07
5.547591831359740411e+01 3.987209922731856069e-07
5.809041779550756246e+01 3.516489353456383092e-07
6.082813484187998654e+01 3.100824704998202136e-07
6.369487651762210589e+01 2.734519034754154773e-07
6.669672356617898856e+01 2.410127572966218930e-07
6.984004330760524226e+01 2.125786284848716636e-07
7.313150314450460598e+01 1.872599057003383519e-07
7.657808470448492244e+01 1.650538899249173202e-07
8.018709864912607088e+01 1.454655091907636577e-07
8.396620018087362780e+01 1.282954563104921937e-07
8.792340528074943506e+01 1.129479756767799753e-07
9.206710771132192406e+01 9.949157526798752174e-08
9.640609682100229350e+01 8.766095032339818234e-08
1.009495761874306510e+02 7.720074592858507329e-08
1.057071831394978858e+02 6.795740491839589729e-08
1.106890091994129364e+02 5.984295950565962326e-08
1.159056214881740061e+02 5.269396303058297822e-08
1.213680851398487590e+02 4.640228904217073668e-08
1.270879867722077563e+02 4.078599965941494603e-08
1.330774590634939329e+02 3.593795458975407376e-08
1.393492064874593837e+02 3.157136907786947305e-08
1.459165322612583111e+02 2.780048653050187020e-08
1.527933665633537714e+02 2.445898366949690819e-08
1.599942960812934700e+02 2.150800420677579484e-08
1.675345949520305169e+02 1.893008101844885482e-08
1.754302571604152376e+02 1.659932532207408036e-08
1.836980304645816773e+02 1.459932388797213504e-08
1.923554519201872779e+02 1.285226057926406458e-08
2.014208850788602945e+02 1.129129155489151050e-08
2.109135589397542105e+02 9.902876357013683134e-09
2.208536087368326264e+02 8.701320891731965170e-09
2.312621186484009286e+02 7.640760422997550131e-09
2.421611665194751026e+02 6.700305511338455212e-09
2.535738706918500043e+02 5.885241304016750423e-09
2.655244390412033795e+02 5.158634167100214723e-09
2.780382203252451063e+02 4.512339373882775494e-09
2.911417579518299590e+02 3.957915735785528390e-09
3.048628462810860924e+02 3.474550098429571749e-09
3.192305895809784602e+02 3.033304240433149536e-09
3.342754637613625164e+02 2.679012192592528249e-09
3.500293810174765667e+02 2.334835236180400946e-09
3.665257575199852340e+02 2.043394210914840923e-09
3.837995842951584677e+02 1.772481902152276856e-09
4.018875014455280734e+02 1.565406780889846164e-09
4.208278758684595005e+02 1.367028273556675970e-09
4.406608826374845194e+02 1.195099474838506196e-09
4.614285902190168827e+02 1.042461073273590380e-09
4.831750497052125866e+02 9.077684324272195377e-10
5.059463882522408085e+02 7.896341791745162456e-10
5.297909069221655045e+02 6.902048783883984078e-10
5.547591831359762864e+02 6.002120642259440646e-10
5.809041779550778983e+02 5.267785400864787599e-10
6.082813484188023949e+02 4.527903669290594975e-10
6.369487651762237874e+02 3.947764412122286051e-10
6.669672356617924152e+02 3.450730383125245386e-10
6.984004330760553785e+02 3.007140829968103393e-10
7.313150314450491578e+02 2.612978020109779561e-10
7.657808470448520666e+02 2.265748224308048436e-10
8.018709864912636931e+02 1.995131939197288810e-10
8.396620018087400013e+02 1.715317646085467584e-10
8.792340528074976191e+02 1.517439999504145738e-10
9.206710771132227364e+02 1.309830209765539036e-10
9.640609682100265445e+02 1.135885026115266588e-10
1.009495761874310119e+03 9.894022825507889923e-11
1.057071831394982837e+03 8.690467739111519865e-11
1.106890091994133400e+03 7.520511369478339652e-11
1.159056214881744381e+03 6.512316553546866345e-11
1.213680851398492223e+03 5.662177530691230369e-11
1.270879867722082508e+03 5.068853426502715141e-11
1.330774590634944389e+03 4.445539467416426883e-11
1.393492064874599237e+03 3.878159208094095629e-11
1.459165322612588852e+03 3.351688057060317072e-11
1.527933665633543569e+03 2.876988730183882650e-11
1.599942960812940782e+03 2.520884357562558916e-11
1.675345949520311251e+03 2.233491633442303051e-11
1.754302571604160676e+03 1.968740699188965030e-11
1.836980304645823480e+03 1.699494082387603194e-11
1.923554519201879884e+03 1.509574394349239434e-11
2.014208850788612153e+03 1.279978504483818689e-11
2.109135589397550120e+03 1.163105114762095471e-11
2.208536087368334393e+03 9.582475659602867455e-12
2.312621186484020200e+03 8.553635066246328328e-12
2.421611665194760008e+03 7.656473804487509109e-12
2.535738706918509706e+03 6.689863096330587325e-12
2.654978865973005213e+03 5.954266474127558125e-12
