7.016026248427303308e-06 5.667847867981418153e-01
7.346681378602682049e-06 6.567127237842146359e-01
7.692919804968807398e-06 7.507379910951114121e-01
8.055475945648996308e-06 8.486528626246061524e-01
8.435118830826382119e-06 9.503097598574574700e-01
8.832653733960031304e-06 1.055614068511300907e+00
9.248923879877925496e-06 1.164517992162347859e+00
9.684812233369864367e-06 1.277015227428064170e+00
1.014124337207417699e-05 1.393136328727483830e+00
1.061918544763084319e-05 1.512944910760183115e+00
1.111965223926092733e-05 1.636534348933989191e+00
1.164370530412823039e-05 1.764024985865427109e+00
1.219245622904435158e-05 1.895561747005993114e+00
1.276706898829335786e-05 2.031312096986490623e+00
1.336876241257729301e-05 2.171464628033400679e+00
1.399881277431950218e-05 2.316227545557488998e+00
1.465855649480956665e-05 2.465827753475135609e+00
1.534939297893202391e-05 2.620509874128450711e+00
1.607278758349176535e-05 2.780535701045443897e+00
1.683027472543225631e-05 2.946183762583440835e+00
1.762346113653963237e-05 3.117748995069461682e+00
1.845402927153620386e-05 3.295542630381469884e+00
1.932374087679250330e-05 3.479892123266110193e+00
2.023444072722755351e-05 3.671141318613842408e+00
2.118806053932377554e-05 3.869650610336913044e+00
2.218662306855666638e-05 4.075797219350627998e+00
2.323224639993033648e-05 4.289975653172381165e+00
2.432714844071979499e-05 4.512598100995102612e+00
2.547365162494962516e-05 4.744094986558328841e+00
2.667418783958794162e-05 4.984915611496670174e+00
2.793130358290468561e-05 5.235528818936030504e+00
2.924766536593587397e-05 5.496423775245466103e+00
3.062606536851101359e-05 5.768110680702958071e+00
3.206942736184088306e-05 6.051121747027723430e+00
3.358081291022823391e-05 6.346012123069888489e+00
3.516342786505619224e-05 6.653360770385948086e+00
3.682062916482884102e-05 6.973771710290737502e+00
3.855593195568782591e-05 7.307874910238700394e+00
4.037301704750867638e-05 7.656327643591994914e+00
4.227573872139197734e-05 8.019815625112151736e+00
4.426813290511037599e-05 8.399054323267611366e+00
4.635442573385247899e-05 8.794790368041040196e+00
4.853904251442220998e-05 9.207802903587172239e+00
5.082661711190781650e-05 9.638905091839271577e+00
5.322200177873104532e-05 1.008894572602241446e+01
5.573027744692502986e-05 1.055881087376829797e+01
5.835676450547240502e-05 1.104942546345164267e+01
6.110703408556359144e-05 1.156175518734218421e+01
6.398691987771303036e-05 1.209680838774926670e+01
6.700253050579889705e-05 1.265563784334140429e+01
7.016026248427330921e-05 1.323934294572858761e+01
7.346681378602710848e-05 1.384907185197688939e+01
7.692919804968837891e-05 1.448602348394856598e+01
8.055475945649029172e-05 1.515145006286353890e+01
8.435118830826415662e-05 1.584665939566505877e+01
8.832653733960066540e-05 1.657301742322039573e+01
9.248923879877960733e-05 1.733195080469619498e+01
9.684812233369901636e-05 1.812494967756450492e+01
1.014124337207421528e-04 1.895357043099798489e+01
1.061918544763088148e-04 1.981943875953196965e+01
1.111965223926096764e-04 2.072425263170686449e+01
1.164370530412827071e-04 2.166978555194524603e+01
1.219245622904439495e-04 2.265788987243870523e+01
1.276706898829340394e-04 2.369050023392763649e+01
1.336876241257733977e-04 2.476963717801416820e+01
1.399881277431955131e-04 2.589741086972890116e+01
1.465855649480961916e-04 2.707602496766198286e+01
1.534939297893208015e-04 2.830778063830699409e+01
1.607278758349182295e-04 2.959508071407390162e+01
1.683027472543232000e-04 3.094043400630814489e+01
1.762346113653969946e-04 3.234645975081742364e+01
1.845402927153627366e-04 3.381589220806900897e+01
1.932374087679258055e-04 3.535158542063765452e+01
2.023444072722763414e-04 3.695651810353494682e+01
2.118806053932385889e-04 3.863379866194321721e+01
2.218662306855675515e-04 4.038667039941647374e+01
2.323224639993043134e-04 4.221851688749217857e+01
2.432714844071989324e-04 4.413286711984403610e+01
2.547365162494972884e-04 4.613340139885156788e+01
2.667418783958805275e-04 4.822395675981360341e+01
2.793130358290480081e-04 5.040853290092491790e+01
2.924766536593599391e-04 5.269129779047384687e+01
3.062606536851113963e-04 5.507659338533768789e+01
3.206942736184100503e-04 5.756894201828037438e+01
3.358081291022836537e-04 6.017305182205692660e+01
3.516342786505633725e-04 6.289382237584172231e+01
3.682062916482898196e-04 6.573635124019249076e+01
3.855593195568798176e-04 6.870593834475721451e+01
4.037301704750884037e-04 7.180809269481439117e+01
4.227573872139214674e-04 7.504853663810769149e+01
4.426813290511055353e-04 7.843321105399266457e+01
4.635442573385266602e-04 8.196827962327388661e+01
4.853904251442240107e-04 8.566013349988398318e+01
5.082661711190801165e-04 8.951539412020559894e+01
5.322200177873124454e-04 9.354091603374068598e+01
5.573027744692524805e-04 9.774378993321768405e+01
5.835676450547263271e-04 1.021313424799264027e+02
6.110703408556383267e-04 1.067111381557401302e+02
6.398691987771329328e-04 1.114909771608462989e+02
6.700253050579916539e-04 1.164788948072551591e+02
7.016026248427357755e-04 1.216831567315046243e+02
7.346681378602739308e-04 1.271122557034182989e+02
7.692919804968866623e-04 1.327749045085893442e+02
8.055475945649059801e-04 1.386800283797234385e+02
8.435118830826447917e-04 1.448367564158682796e+02
8.832653733960100150e-04 1.512544084092122887e+02
9.248923879877996241e-04 1.579424841581927126e+02
9.684812233369939584e-04 1.649106463577507213e+02
1.014124337207425539e-03 1.721687059159304454e+02
1.061918544763092295e-03 1.797266020730487526e+02
1.111965223926101101e-03 1.875943833712588287e+02
1.164370530412831787e-03 1.957821832602610357e+02
1.219245622904444265e-03 2.043002001684888285e+02
1.276706898829345219e-03 2.131586666836617781e+02
1.336876241257739127e-03 2.223678269131465868e+02
1.399881277431960606e-03 2.319371922211726655e+02
1.465855649480967554e-03 2.418769412637167306e+02
1.534939297893214141e-03 2.521977213724060221e+02
1.607278758349188312e-03 2.629094528485900355e+02
1.683027472543238397e-03 2.740218663675102562e+02
1.762346113653976559e-03 2.855444594206063016e+02
1.845402927153634359e-03 2.974864183905264667e+02
1.932374087679265048e-03 3.098565532991423197e+02
2.023444072722770624e-03 3.226632039271498797e+02
2.118806053932393695e-03 3.359141421468027033e+02
2.218662306855683809e-03 3.496164680745296778e+02
2.323224639993051212e-03 3.637764438914611560e+02
2.432714844071997944e-03 3.783994666319551357e+02
2.547365162494981666e-03 3.934897600325886060e+02
2.667418783958814057e-03 4.090503798171260996e+02
2.793130358290488863e-03 4.250830398141764022e+02
2.924766536593608173e-03 4.415879080170359430e+02
3.062606536851120251e-03 4.585635695081273298e+02
3.206942736184094540e-03 4.760068201654768245e+02
3.358081291022776364e-03 4.939125610387432062e+02
3.516342786505356494e-03 5.122736856355897999e+02
3.682062916481788732e-03 5.310807182414775980e+02
3.855593195564623130e-03 5.503217984100830336e+02
4.037301704735909470e-03 5.699824668802078804e+02
4.227573872087749332e-03 5.900450585249220694e+02
4.426813290341235357e-03 6.104890057220973176e+02
4.635442572846592245e-03 6.312903552510219924e+02
4.853904249797961860e-03 6.524215069146725909e+02
5.082661706356216176e-03 6.738512931965640291e+02
5.322200164167804372e-03 6.955445545482452872e+02
5.573027707197872674e-03 7.174616189280287699e+02
5.835676351464490902e-03 7.395586279031739423e+02
6.110703155411770574e-03 7.617869278299481266e+02
6.398691361923487461e-03 7.840931125370450445e+02
6.700251551996781567e-03 8.064175144726868893e+02
7.016022770007446056e-03 8.286967238566364813e+02
7.346673545321469150e-03 8.508603719418141509e+02
7.692902675989763024e-03 8.728327226115955000e+02
8.055439545407197879e-03 8.945318533026684236e+02
8.435043596908022717e-03 9.158689766208151468e+02
8.832502376934637037e-03 9.367491437361401267e+02
9.248627258003178433e-03 9.570713025558376330e+02
9.684245558101647541e-03 9.767236311526224881e+02
1.014018729025613179e-02 9.955921853051696644e+02
1.061726424563623830e-02 1.013555986347303929e+03
1.111623863620641445e-02 1.030485843219090157e+03
1.163777829268050276e-02 1.046233962658074006e+03
1.218239575316782883e-02 1.060668673272800788e+03
1.275036995066240915e-02 1.073664218518814096e+03
1.334165215346551012e-02 1.085019814813899984e+03
1.395576272764381502e-02 1.094664518291090189e+03
1.459169197771094037e-02 1.102455587321764824e+03
1.524782537665436873e-02 1.108296415390795119e+03
1.592191790852090852e-02 1.112125628514747632e+03
1.661113996103320486e-02 1.113925307507546904e+03
1.731220526945410204e-02 1.113716849288842923e+03
1.802157108512350558e-02 1.111574359697899581e+03
1.873567904158346398e-02 1.107612529550677436e+03
1.945119215332382842e-02 1.101980336291554750e+03
2.016518571159649220e-02 1.094846056158739657e+03
2.087526603101444098e-02 1.086390162179937533e+03
2.157961254707169152e-02 1.076794768135384629e+03
2.227695627005176274e-02 1.066230114047481493e+03
2.296651615026746099e-02 1.054854460337857290e+03
2.364791502092358083e-02 1.042814507998106365e+03
2.432109193155692836e-02 1.030229900469817039e+03
2.498622143774251181e-02 1.017216924270282334e+03
2.564364499811246784e-02 1.003867595227524930e+03
2.629381586387591688e-02 9.902691466094686348e+02
2.693725666540247587e-02 9.764831815097893468e+02
2.757452789255858058e-02 9.625753345673750800e+02
2.820620518902283019e-02 9.486020887299810056e+02
2.883286349439494883e-02 9.346001312191250463e+02
2.945506634967956505e-02 9.206175900260685694e+02
3.007335900537832368e-02 9.066820507956183519e+02
3.068826427439674820e-02 8.928296446280409100e+02
3.130028032929518117e-02 8.790777867669615944e+02
3.190987985001165345e-02 8.654569489962668740e+02
3.251751008821208988e-02 8.519836222832037720e+02
3.312359353540033496e-02 8.386830833403790848e+02
3.372852897181578824e-02 8.255636935237799889e+02
3.433269273909970304e-02 8.126472118606409367e+02
3.493644012762344570e-02 7.999399804571764889e+02
3.554010680389238508e-02 7.874562955394175106e+02
3.614401022812751413e-02 7.752089726442283109e+02
3.674845102965308002e-02 7.632038819730543082e+02
3.735371432005984288e-02 7.514466133465953135e+02
3.796007093272071864e-02 7.399527096986226979e+02
3.856777858316505492e-02 7.287221472999920024e+02
3.917708294883606029e-02 7.177622414430999243e+02
3.978821866941701507e-02 7.070782400958482867e+02
4.040141027061412010e-02 6.966673550657862961e+02
4.101687301531463381e-02 6.865415377440457405e+02
4.163481368660330861e-02 6.766973838791177513e+02
4.225543130736413716e-02 6.671362787895735664e+02
4.287891780122469326e-02 6.578605421477351456e+02
4.350545859948799082e-02 6.488684895639737533e+02
4.413523319849715215e-02 6.401584839274881915e+02
4.476841567162523350e-02 6.317287924279352183e+02
4.540517513980319581e-02 6.235810494287047732e+02
4.604567620420984414e-02 6.157040656046890490e+02
4.669007934445994212e-02 6.080980585410104595e+02
4.733854128534885353e-02 6.007610748855084921e+02
4.799121533494738606e-02 5.936797064998814903e+02
4.864825169659278692e-02 5.868538034925081774e+02
4.930979775709172508e-02 5.802772125665997009e+02
4.997599835323862649e-02 5.739398534327189054e+02
5.064699601855838368e-02 5.678259112699878415e+02
5.132293121200452723e-02 5.619363841972595992e+02
5.200394253018263135e-02 5.562579553425686072e+02
5.269016690452154456e-02 5.507782583939905408e+02
5.338173978468241376e-02 5.454874514451769301e+02
5.407879530937485107e-02 5.403726017779163158e+02
5.478146646564103356e-02 5.354208406870561703e+02
5.548988523756994556e-02 5.306211179071810875e+02
5.620418274531555070e-02 5.259552832123803228e+02
5.692448937521224495e-02 5.214106624357045803e+02
5.765093490170870860e-02 5.169734572484145474e+02
5.838364860177600035e-02 5.126242763767301085e+02
5.912275936238653440e-02 5.083513518277248977e+02
5.986839578160737391e-02 5.041361858882734737e+02
6.062068626380308356e-02 4.999641459259661360e+02
6.137975910939968971e-02 4.958154993018840173e+02
6.214574259962199476e-02 4.916760069982892105e+02
6.291876507658061835e-02 4.875282392027987726e+02
6.369895501905289970e-02 4.833566872182568090e+02
6.448644111427248582e-02 4.791436119815554093e+02
6.528135232601571525e-02 4.748737654816836198e+02
6.608381795924880842e-02 4.705333613762651908e+02
6.689396772157822635e-02 4.661058841190316571e+02
6.771193178172607574e-02 4.615786699177859873e+02
6.853784082523488308e-02 4.569404369805801025e+02
6.937182610758925450e-02 4.521769917048941920e+02
7.021401950492707489e-02 4.472803594042336499e+02
7.106455356249911925e-02 4.422408272767511903e+02
7.192356154102377830e-02 4.370505325000497692e+02
7.279117746107181819e-02 4.317051364460176046e+02
7.366753614560611618e-02 4.262012178681113710e+02
7.455277326079179367e-02 4.205359425571951419e+02
7.544702535518335584e-02 4.147099460282624932e+02
7.635042989738796693e-02 4.087256616498875132e+02
7.726312531229631575e-02 4.025875235527747122e+02
7.818525101596661420e-02 3.963018283118951786e+02
7.911694744924047118e-02 3.898771636051711766e+02
8.005835611016511033e-02 3.833245564792637765e+02
8.100961958528996032e-02 3.766563083400080814e+02
8.197088157990257973e-02 3.698875024925902721e+02
8.294228694726363260e-02 3.630352187925537919e+02
8.392398171689766095e-02 3.561159257594493397e+02
8.491611312199247308e-02 3.491505217344571861e+02
8.591882962595720485e-02 3.421587348975372720e+02
8.693228094818622465e-02 3.351626670329614512e+02
8.795661808907344337e-02 3.281859565693115428e+02
8.899199335431944025e-02 3.212514133477848191e+02
9.003856037857181638e-02 3.143819165160173270e+02
9.109647414843714819e-02 3.076001698264390711e+02
9.216589102490152507e-02 3.009315419246347574e+02
9.324696876519521227e-02 2.943961590473884939e+02
9.433986654413546724e-02 2.880142754468197950e+02
9.544474497498087184e-02 2.818092554809903163e+02
9.656176612982896035e-02 2.757962419784789745e+02
9.769109355958922880e-02 2.699940475642077899e+02
9.883289231356141846e-02 2.644163032900733015e+02
9.998732895864990977e-02 2.590755478861152596e+02
1.011545715982437310e-01 2.539813829775900160e+02
1.023347898907916165e-01 2.491428907588750121e+02
1.035281550681016599e-01 2.445625336258237041e+02
1.047348399533943319e-01 2.402430967327849487e+02
1.059550189791384905e-01 2.361826156236965630e+02
1.071888682046991947e-01 2.323774875190561886e+02
1.084365653338271451e-01 2.288202713350027011e+02
1.096982897320192274e-01 2.255000564214366534e+02
1.109742224437801905e-01 2.224052843290214980e+02
1.122645462098158242e-01 2.195193182270219268e+02
1.135694454841885692e-01 2.168223946808003006e+02
1.148891064514669935e-01 2.142946366764643074e+02
1.162237170439009565e-01 2.119113616691076629e+02
1.175734669586552539e-01 2.096479224071474050e+02
1.189385476751349119e-01 2.074767519493650241e+02
1.203191524724363942e-01 2.053693486990310930e+02
1.217154764469595835e-01 2.032962414533330673e+02
1.231277165302159943e-01 2.012286735752935556e+02
1.245560715068704388e-01 1.991369577620767188e+02
1.260007420330530592e-01 1.969936241009706919e+02
1.274619306549808206e-01 1.947709243399679906e+02
1.289398418279278369e-01 1.924467091519209987e+02
1.304346819355849951e-01 1.899991187368374597e+02
1.319466593098510276e-01 1.874115114915257152e+02
1.334759842510973848e-01 1.846713717251535343e+02
1.350228690489515548e-01 1.817707147827878487e+02
1.365875280036433215e-01 1.787069304330536852e+02
1.381701774479608680e-01 1.754830114958667480e+02
1.397710357698642991e-01 1.721064824113791758e+02
1.413903234358055150e-01 1.685912490219022288e+02
1.430282630148045353e-01 1.649558369682291641e+02
1.446850792033341215e-01 1.612225239668257188e+02
1.463609988510654325e-01 1.574179776689421999e+02
1.480562509875292532e-01 1.535719985135632157e+02
1.497710668497480579e-01 1.497156150513293085e+02
1.515056799108966679e-01 1.458819111067953145e+02
1.532603259100500659e-01 1.421036127569453527e+02
1.550352428830776563e-01 1.384119157062039847e+02
1.568306711947469179e-01 1.348368378457344932e+02
1.586468535720987061e-01 1.314069421095266250e+02
1.604840351391592645e-01 1.281437803314602490e+02
1.623424634530553634e-01 1.250674125674672439e+02
1.642223885416006501e-01 1.221900172712535095e+02
1.661240629424228787e-01 1.195193178299173127e+02
1.680477417437035159e-01 1.170596575365032521e+02
1.699936826266028600e-01 1.148061609737817435e+02
1.719621459094460569e-01 1.127517553508305070e+02
1.739533945937466186e-01 1.108798447577863158e+02
1.759676944121461584e-01 1.091712779074854467e+02
1.780053138783520561e-01 1.076026974720537766e+02
1.800665243391547377e-01 1.061448733484676410e+02
1.821516000286105552e-01 1.047690498699659543e+02
1.842608181244770882e-01 1.034426470804974940e+02
1.863944588069902375e-01 1.021446763384266916e+02
1.885528053200754284e-01 1.008372315802669590e+02
1.907361440350868187e-01 9.948471313820262196e+01
1.929447645171716574e-01 9.806101084268921397e+01
1.951789595943591582e-01 9.654433096325723795e+01
1.974390254294766112e-01 9.491934683295330899e+01
1.997252615949978716e-01 9.317893113047674092e+01
2.020379711509324716e-01 9.132362088122059163e+01
2.043774607258675713e-01 8.936174528172097098e+01
2.067440406012767962e-01 8.731094925851998312e+01
2.091380247992159491e-01 8.519289502462753205e+01
2.115597311735266106e-01 8.303511977499847774e+01
2.140094815046751087e-01 8.086548163842655867e+01
2.164876015983565050e-01 7.871607264576715579e+01
2.189944213879996548e-01 7.661423183525552361e+01
2.215302750413118416e-01 7.458320647661560088e+01
2.240955010710084794e-01 7.264774553816994285e+01
2.266904424498776272e-01 7.082334237139431821e+01
2.293154467303346600e-01 6.911979591562861458e+01
2.319708661686279982e-01 6.754777346415153261e+01
2.346570578538647034e-01 6.610575204807810223e+01
2.373743838420289687e-01 6.478778264699528222e+01
2.401232112951752762e-01 6.358383684682131332e+01
2.429039126259848469e-01 6.247612691654638439e+01
2.457168656478824487e-01 6.144244641618454494e+01
2.485624537309174820e-01 6.045657626455740541e+01
2.514410659636251433e-01 5.949260770999271841e+01
2.543530973210892943e-01 5.852613062797085064e+01
2.572989488394419877e-01 5.753423538375540147e+01
2.602790277970433164e-01 5.650201490889132572e+01
2.632937479025973526e-01 5.541867433391544040e+01
2.663435294904725748e-01 5.427994422060227464e+01
2.694287997235069176e-01 5.308774928837087970e+01
2.725499928035917119e-01 5.184977512160341462e+01
2.757075501903450965e-01 5.057889046486202744e+01
2.789019208281970919e-01 4.929346789995071987e+01
2.821335613822293364e-01 4.801326385041079448e+01
2.854029364831274229e-01 4.675991037526431171e+01
2.887105189816230877e-01 4.555315612571023109e+01
2.920567902128236026e-01 4.440877987972142904e+01
2.954422402708464790e-01 4.333682797144268761e+01
2.988673682942013521e-01 4.234035824338747034e+01
3.023326827623828428e-01 4.141636395785842950e+01
3.058387018041656691e-01 4.055658374732151117e+01
3.093859535181198162e-01 3.974943977167868780e+01
3.129749763058925494e-01 3.898109725378631651e+01
3.166063192188353637e-01 3.823660085489607496e+01
3.202805423185864364e-01 3.750087325202174071e+01
3.239982170522552885e-01 3.676019192431274973e+01
3.277599266428925517e-01 3.600373227594160142e+01
3.315662664959703743e-01 3.522545676261209024e+01
3.354178446226382948e-01 3.442536092602853870e+01
3.393152820805684922e-01 3.360860426351068497e+01
3.432592134332514977e-01 3.278460806631591851e+01
3.472502872286558073e-01 3.196422875530129204e+01
3.512891664982214501e-01 3.115829101555469904e+01
3.553765292772165796e-01 3.037652673561655448e+01
3.595130691475507123e-01 2.962715560237423773e+01
3.636994958042065185e-01 2.891556933442275223e+01
3.679365356465255088e-01 2.824411874155869384e+01
3.722249323956614564e-01 2.761045041055194815e+01
3.765654477396007671e-01 2.700780618511573650e+01
3.809588620072369425e-01 2.642697203353613844e+01
3.854059748730874757e-01 2.585826080201042032e+01
3.899076060943419408e-01 2.529401254212170258e+01
3.944645962820444995e-01 2.472912615913558199e+01
3.990778077083337871e-01 2.416091611087640345e+01
4.037481251517932024e-01 2.358884652389495074e+01
4.084764567831039583e-01 2.301497977223593949e+01
4.132637350933441311e-01 2.244430326095578820e+01
4.181109178674388138e-01 2.188343553863264646e+01
4.230189892054410095e-01 2.133864942012865384e+01
4.279889605945126907e-01 2.081386634902458255e+01
4.330218720346788452e-01 2.031013248542599570e+01
4.381187932216465963e-01 1.982651936733498843e+01
4.432808247902226828e-01 1.936097766357311301e+01
4.485090996221165471e-01 1.891046565904695953e+01
4.538047842222004413e-01 1.847035719314010294e+01
4.591690801675959444e-01 1.803595325827565432e+01
4.646032256342891298e-01 1.760408652637242355e+01
4.701084970063304502e-01 1.717467076421074168e+01
4.756862105730638723e-01 1.674917097436587810e+01
4.813377243202531242e-01 1.632980488605228686e+01
4.870644398214268311e-01 1.591839029895517932e+01
4.928678042362698020e-01 1.551735593141166447e+01
4.987493124234270714e-01 1.512899045239562135e+01
5.047105091756856066e-01 1.475382815689520832e+01
5.107529915861438452e-01 1.439005998334715741e+01
5.168784115546921631e-01 1.403535965667791707e+01
5.230884784448982527e-01 1.368819646763440012e+01
5.293849619022480413e-01 1.334744729499340998e+01
5.357696948456177610e-01 1.301161192678561029e+01
5.422445766448765747e-01 1.267999758854040060e+01
5.488115764986444267e-01 1.235400963391748874e+01
5.554727370274595843e-01 1.203531281911999962e+01
5.622301780989703568e-01 1.172444482964126955e+01
5.690861009032603945e-01 1.142132386651811871e+01
5.760427922980685400e-01 1.112627382940768150e+01
5.831026294454845216e-01 1.083946254844165935e+01
5.902680847637135075e-01 1.055868406106917234e+01
5.975417312197353059e-01 1.028310356673040893e+01
6.049262479911456936e-01 1.001293583172004098e+01
6.124244265282117183e-01 9.747894909349760439e+00
6.200391770502056143e-01 9.488205051638940901e+00
6.277735355134692607e-01 9.233789660931499554e+00
6.356306710924183312e-01 8.986263776522992686e+00
6.436138942188908141e-01 8.744330911339575962e+00
6.517266652299278373e-01 8.507974135409003935e+00
6.599726036793022166e-01 8.277138967269570102e+00
6.683554983739679045e-01 8.051142290062111684e+00
6.768793182031612732e-01 7.829388637097953740e+00
6.855482238352487157e-01 7.612835365599260662e+00
6.943665803656867697e-01 7.400653138702151246e+00
7.033389710087731839e-01 7.193182049637001363e+00
7.124702119363601760e-01 6.990826287939744255e+00
7.217653683785456575e-01 6.792889769016071000e+00
7.312297721147489327e-01 6.599258231519344875e+00
7.408690404987389178e-01 6.410046498314100560e+00
7.506890971783762856e-01 6.224623241269286567e+00
7.606961946903557648e-01 6.043370517857994173e+00
7.708969391324559384e-01 5.866585578423352487e+00
7.812983171411170824e-01 5.692818457312627700e+00
7.919077254310604719e-01 5.523544570674566501e+00
8.027330031867079274e-01 5.357735430783451491e+00
8.137824676329847851e-01 5.195692450377087823e+00
8.250649531564983041e-01 5.037173262405183038e+00
8.365898543979577440e-01 4.882041224588456352e+00
8.483671737941044233e-01 4.730402468688894579e+00
8.604075741136114619e-01 4.581908306938115238e+00
8.727224366078529805e-01 4.436988659220229891e+00
8.853239254858574769e-01 4.295038447930667580e+00
8.982250595252105896e-01 4.156309524069342842e+00
9.114397917495351553e-01 4.020397759738124854e+00
9.249830982413081992e-01 3.887646615541537010e+00
9.388710773194973713e-01 3.757663469296432801e+00
9.531210604987441215e-01 3.630636071855332769e+00
9.677517368651720187e-01 3.506272155186721751e+00
9.827832927587716316e-01 3.384489769578525209e+00
9.982375689499297655e-01 3.265650915255400744e+00
1.014138237845315871e+00 3.149121308160854671e+00
1.030511003664290826e+00 3.035336088715038017e+00
1.047383829000692934e+00 2.924040501809848536e+00
1.064787191736691785e+00 2.814548553701222922e+00
1.082754376916745809e+00 2.707848409919994648e+00
1.101321808932232527e+00 2.603289211022436600e+00
1.120529430222394707e+00 2.501211208945077313e+00
1.140421133674343723e+00 2.400787924947213270e+00
1.161045257009182263e+00 2.302826606697238709e+00
1.182455148669888212e+00 2.206795113442695744e+00
1.204709816062109029e+00 2.112864209196214205e+00
1.227874668400109170e+00 2.020839441614299403e+00
1.252022367796842284e+00 1.930587369335428960e+00
1.277233803468756479e+00 1.842562672608886176e+00
1.303599204768434383e+00 1.756276270545310547e+00
1.331219408836837870e+00 1.671684136849260760e+00
1.360207297399638415e+00 1.588915601962300750e+00
1.390689413738294355e+00 1.507895165979182162e+00
1.422807763849379237e+00 1.428595107506201334e+00
1.456721793412865118e+00 1.351075593639367245e+00
1.492610511875782864e+00 1.275212118700203900e+00
1.530674703405736858e+00 1.201037513257305900e+00
1.571139117705580679e+00 1.128633336988223990e+00
1.614254467621440092e+00 1.057710160583004599e+00
1.660298972313143162e+00 9.890897495705802678e-01
1.709579075771010093e+00 9.220068026015351137e-01
1.762428850887697296e+00 8.570985745557593294e-01
1.819207495364619565e+00 7.940422854028522659e-01
1.880294287442067391e+00 7.332010761321140491e-01
1.946080473928930132e+00 6.746686568639924664e-01
2.016957903271166419e+00 6.186364578797198810e-01
2.093304861657969695e+00 5.651282226685587773e-01
2.175470491957367081e+00 5.145453285333622118e-01
2.263760163733009811e+00 4.669080068943982642e-01
2.358424805892701315e+00 4.223665695680445809e-01
2.459657033634705225e+00 3.809668538904311119e-01
2.567595655563507773e+00 3.427532233569454134e-01
2.682338115609762763e+00 3.077039824103659504e-01
2.803958393736257548e+00 2.757535704313859859e-01
2.932526725452886396e+00 2.467273664099652875e-01
3.068127610135964023e+00 2.205200543579938222e-01
3.210873706785042803e+00 1.968954727755180267e-01
3.360914710114393245e+00 1.756901432959707132e-01
3.518441553360023288e+00 1.566390743613597092e-01
3.683687005795827307e+00 1.395835917110911650e-01
3.856923940526868932e+00 1.243771001811674326e-01
4.038462416263060462e+00 1.107994773028846275e-01
4.228646433708256325e+00 9.857996318634076882e-02
4.427850924999102489e+00 8.774006413467763665e-02
4.636479280628705624e+00 7.806337791737941179e-02
4.854961533624194914e+00 6.940347146383538113e-02
5.083753201805744304e+00 6.176884180945849123e-02
5.323334722426276144e+00 5.491627472726991199e-02
5.574211384433898964e+00 4.881504091597962947e-02
5.836913658873376320e+00 4.338933739524842431e-02
6.111997837247349352e+00 3.852889023523017875e-02
6.400046903544740040e+00 3.424897205323876315e-02
6.701671583159408030e+00 3.043204941561423321e-02
7.017511528129986687e+00 2.702305261179432927e-02
7.348236611607034341e+00 2.398023867467063280e-02
7.694548314804565692e+00 2.126600389157806345e-02
8.057181197146181972e+00 1.888711885481276012e-02
8.436904445393944130e+00 1.675481241676192445e-02
8.834523500847938138e+00 1.486203698669169744e-02
9.250881765769570109e+00 1.316989757674119459e-02
9.686862391444771347e+00 1.167933456454553834e-02
1.014339015107741027e+01 1.036102542936933289e-02
1.062143340119719248e+01 9.182902928814176344e-03
1.112200613561059548e+01 8.141580900751533081e-03
1.164617013619385411e+01 7.221313780604672085e-03
1.219503722506606280e+01 6.393590160893907783e-03
1.276977162291000134e+01 5.665487342553618584e-03
1.337159241843930246e+01 5.019230503658697606e-03
1.400177615424875910e+01 4.445023315481360857e-03
1.466165953453220716e+01 3.931474769270204735e-03
1.535264226041133817e+01 3.488022510982379584e-03
1.607618999888940792e+01 3.081982013110816290e-03
1.683383749172745780e+01 2.725182427769720726e-03
1.762719181083737041e+01 2.413491757251066787e-03
1.845793576709684558e+01 2.137077737605670366e-03
1.932783147981688643e+01 1.884084041283115227e-03
2.023872411443312913e+01 1.675117442255739898e-03
2.119254579634909064e+01 1.477521221622120047e-03
2.219131970923321973e+01 1.310554213055459575e-03
2.323716438646269111e+01 1.155130547123902262e-03
2.433229820481675176e+01 1.020528165678346623e-03
2.547904408995127667e+01 9.019397375373014534e-04
2.667983444363553502e+01 7.971575499261399425e-04
2.793721630320246163e+01 7.031572755336418451e-04
2.925385674415631243e+01 6.225776764396560511e-04
3.063254853739741890e+01 5.580234523187711359e-04
3.207621607306366940e+01 4.833621875055149511e-04
3.358792156355409020e+01 4.301507740336533276e-04
3.517087153889189466e+01 3.779334844543210618e-04
3.682842364820457703e+01 3.342166942058161228e-04
3.856409378174787150e+01 2.950309827345298742e-04
4.038156352858037934e+01 2.614156153115569452e-04
4.228468798570753506e+01 2.306793091749228511e-04
4.427750393525924721e+01 2.037709057289011224e-04
4.636423840704600963e+01 1.792050989315852982e-04
4.854931764465584365e+01 1.596727010199724300e-04
5.083737649411040138e+01 1.392183813571497785e-04
5.323326823499476035e+01 1.229598879588560882e-04
5.574207487491413815e+01 1.084469270571195726e-04
5.836911792911337216e+01 9.554728564608503088e-05
6.111996970812420926e+01 8.436306952765926996e-05
6.400046513738307397e+01 7.431889654398692036e-05
6.701671413389014731e+01 6.582883957098577949e-05
7.017511456616259125e+01 5.771934700125040023e-05
7.348236582497136737e+01 4.995933403802626437e-05
7.694548303364732078e+01 4.631604198655689928e-05
8.057181192809824211e+01 3.936937890259594640e-05
8.436904443809967802e+01 3.545704950586775120e-05
8.834523500290913489e+01 3.061674099793597716e-05
9.250881765581175387e+01 2.697030831526206154e-05
9.686862391383557735e+01 2.372837232985902566e-05
1.014339015105832971e+02 2.081543185017939896e-05
1.062143340119150423e+02 1.825275481036078452e-05
1.112200613560898717e+02 1.636366098201900556e-05
1.164617013619343737e+02 1.434115460007540252e-05
1.219503722506598251e+02 1.340278958596584588e-05
1.276977162291001520e+02 1.094891317233301548e-05
1.337159241843934296e+02 9.473566932661619264e-06
1.400177615424880457e+02 8.562548043859314576e-06
1.466165953453225939e+02 7.470155212549187171e-06
1.535264226041139466e+02 6.678583201110550760e-06
1.607618999888946405e+02 5.212773532039934644e-06
1.683383749172751607e+02 5.039518531400544281e-06
1.762719181083743365e+02 4.495861579748097047e-06
1.845793576709690740e+02 4.163111837387117410e-06
1.932783147981695322e+02 3.312696593999858748e-06
2.023872411443319663e+02 2.989011362585514509e-06
2.119254579634915956e+02 2.620463396216000110e-06
2.219131970923329220e+02 2.208913051487695897e-06
2.323716438646276572e+02 2.068580913114133125e-06
2.433229820481682850e+02 1.679842769006797464e-06
2.547904408995135555e+02 1.516756527342559168e-06
2.667983444363561603e+02 1.332673655471640444e-06
2.793721630320254690e+02 1.106477831586143053e-06
2.925385674415639983e+02 1.067389790873948647e-06
3.063254853739750843e+02 8.467927933797401115e-07
3.207621607306376177e+02 8.628182356126145635e-07
3.358792156355418683e+02 5.814335559753799495e-07
3.517087153889199840e+02 6.167942392304707075e-07
3.682842364820468788e+02 6.111841862786258650e-07
3.856409378174798803e+02 4.477254737727843577e-07
4.038156352858049445e+02 5.125788949548680363e-07
4.228468798570765443e+02 2.835843681225395864e-07
4.427750393525937511e+02 2.683464595084635653e-07
4.636423840704614463e+02 2.464251529385687871e-07
4.854931764465598576e+02 2.209636271894862096e-07
5.083737649411054349e+02 1.369732048869741412e-07
5.323326823499490956e+02 1.544862434090835409e-07
5.574207487491429447e+02 1.207319248851241655e-07
5.836911792911354269e+02 1.311735659350500905e-07
6.111996970812439258e+02 1.078800718720694710e-07
6.400046513738326439e+02 1.054945486387373092e-07
6.701671413389035479e+02 8.776533834968860610e-08
7.017511456616281293e+02 5.445937576281171543e-08
7.348236582497160043e+02 4.789687288621323137e-08
7.694548303364756521e+02 3.977375934964257647e-08
8.057181192809850927e+02 5.375749672427372167e-08
8.436904443809994518e+02 3.917732395430963139e-08
8.834523500290941911e+02 3.085999055939383612e-08
9.250881765581204945e+02 1.489181308867357991e-08
9.686862391383589284e+02 1.812588430670205637e-08
1.014339015105836438e+03 2.273355934068721481e-08
1.062143340119154118e+03 2.945451502406367561e-08
1.112200613560902639e+03 1.233159257375263935e-08
1.164617013619347745e+03 1.305204389382897532e-08
1.219503722506602344e+03 8.941346887008172453e-09
1.276977162291005698e+03 3.118662392536669454e-09
1.337025525919754500e+03 2.635940732323975557e-08
