7.016026248427303308e-06 7.289962060673157440e-01
7.346681378602682049e-06 8.446611301404279848e-01
7.692919804968807398e-06 9.655960294634148289e-01
8.055475945648996308e-06 1.091533725838152113e+00
8.435118830826382119e-06 1.222284383995788870e+00
8.832653733960031304e-06 1.357726345090807474e+00
9.248923879877925496e-06 1.497798101463395204e+00
9.684812233369864367e-06 1.642491547434242083e+00
1.014124337207417699e-05 1.791846000944846473e+00
1.061918544763084319e-05 1.945943276843461023e+00
1.111965223926092733e-05 2.104903463702457067e+00
1.164370530412823039e-05 2.268881371872945696e+00
1.219245622904435158e-05 2.438063351775008769e+00
1.276706898829335786e-05 2.612664850991043064e+00
1.336876241257729301e-05 2.792928404043741875e+00
1.399881277431950218e-05 2.979121809952916866e+00
1.465855649480956665e-05 3.171536904570352089e+00
1.534939297893202391e-05 3.370488335382069600e+00
1.607278758349176535e-05 3.576312795636237052e+00
1.683027472543225631e-05 3.789368546390030179e+00
1.762346113653963237e-05 4.010034933646416277e+00
1.845402927153620386e-05 4.238712214483571827e+00
1.932374087679250330e-05 4.475821635686884292e+00
2.023444072722755351e-05 4.721805392712253635e+00
2.118806053932377554e-05 4.977127000789768552e+00
2.218662306855666638e-05 5.242271706878688597e+00
2.323224639993033648e-05 5.517746873779222128e+00
2.432714844071979499e-05 5.804082641171159906e+00
2.547365162494962516e-05 6.101832645965002300e+00
2.667418783958794162e-05 6.411574715124436885e+00
2.793130358290468561e-05 6.733911970505103817e+00
2.924766536593587397e-05 7.069473477956359275e+00
3.062606536851101359e-05 7.418915479419855075e+00
3.206942736184088306e-05 7.782922478856939996e+00
3.358081291022823391e-05 8.162208474442779860e+00
3.516342786505619224e-05 8.557518184951684148e+00
3.682062916482884102e-05 8.969628394271980554e+00
3.855593195568782591e-05 9.399349391153961619e+00
4.037301704750867638e-05 9.847526538502737736e+00
4.227573872139197734e-05 1.031504178076948186e+01
4.426813290511037599e-05 1.080281532667262034e+01
4.635442573385247899e-05 1.131180741865846606e+01
4.853904251442220998e-05 1.184302016796170776e+01
5.082661711190781650e-05 1.239749942660903947e+01
5.322200177873104532e-05 1.297633687763953070e+01
5.573027744692502986e-05 1.358067207367670548e+01
5.835676450547240502e-05 1.421169465452812020e+01
6.110703408556359144e-05 1.487064654920070872e+01
6.398691987771303036e-05 1.555882464357186912e+01
6.700253050579889705e-05 1.627758291718894768e+01
7.016026248427330921e-05 1.702833532420778084e+01
7.346681378602710848e-05 1.781255839603548452e+01
7.692919804968837891e-05 1.863179414990234051e+01
8.055475945649029172e-05 1.948765299977649690e+01
8.435118830826415662e-05 2.038181680103740234e+01
8.832653733960066540e-05 2.131604224128616920e+01
9.248923879877960733e-05 2.229216403606430319e+01
9.684812233369901636e-05 2.331209851544691958e+01
1.014124337207421528e-04 2.437784717597725859e+01
1.061918544763088148e-04 2.549150061452908034e+01
1.111965223926096764e-04 2.665524231315989567e+01
1.164370530412827071e-04 2.787135291543757631e+01
1.219245622904439495e-04 2.914221430688887082e+01
1.276706898829340394e-04 3.047031419959682452e+01
1.336876241257733977e-04 3.185825068954774508e+01
1.399881277431955131e-04 3.330873703399505814e+01
1.465855649480961916e-04 3.482460662839348231e+01
1.534939297893208015e-04 3.640881814850227016e+01
1.607278758349182295e-04 3.806446087751658780e+01
1.683027472543232000e-04 3.979476022976983529e+01
1.762346113653969946e-04 4.160308345604794766e+01
1.845402927153627366e-04 4.349294551584105051e+01
1.932374087679258055e-04 4.546801518110359552e+01
2.023444072722763414e-04 4.753212127939054454e+01
2.118806053932385889e-04 4.968925911400281592e+01
2.218662306855675515e-04 5.194359713425111380e+01
2.323224639993043134e-04 5.429948369269379782e+01
2.432714844071989324e-04 5.676145382754097568e+01
2.547365162494972884e-04 5.933423654883340959e+01
2.667418783958805275e-04 6.202276188234036169e+01
2.793130358290480081e-04 6.483216831492481447e+01
2.924766536593599391e-04 6.776781001143255878e+01
3.062606536851113963e-04 7.083526409915120325e+01
3.206942736184100503e-04 7.404033859303628162e+01
3.358081291022836537e-04 7.738907944202983913e+01
3.516342786505633725e-04 8.088777765501286865e+01
3.682062916482898196e-04 8.454297736418416775e+01
3.855593195568798176e-04 8.836148165301285928e+01
4.037301704750884037e-04 9.235036067544082528e+01
4.227573872139214674e-04 9.651695720325774630e+01
4.426813290511055353e-04 1.008688930692654679e+02
4.635442573385266602e-04 1.054140745647222275e+02
4.853904251442240107e-04 1.101606979860849123e+02
5.082661711190801165e-04 1.151172534079269099e+02
5.322200177873124454e-04 1.202925280968088799e+02
5.573027744692524805e-04 1.256956100073464313e+02
5.835676450547263271e-04 1.313358879092864697e+02
6.110703408556383267e-04 1.372230532108309262e+02
6.398691987771329328e-04 1.433670976990644590e+02
6.700253050579916539e-04 1.497783123850612412e+02
7.016026248427357755e-04 1.564672820642684030e+02
7.346681378602739308e-04 1.634448810282885063e+02
7.692919804968866623e-04 1.707222646190793398e+02
8.055475945649059801e-04 1.783108601042132761e+02
8.435118830826447917e-04 1.862223562214979324e+02
8.832653733960100150e-04 1.944686878516253330e+02
9.248923879877996241e-04 2.030620227866596395e+02
9.684812233369939584e-04 2.120147420603118746e+02
1.014124337207425539e-03 2.213394222984120745e+02
1.061918544763092295e-03 2.310488122513432927e+02
1.111965223926101101e-03 2.411558106565102833e+02
1.164370530412831787e-03 2.516734365200280479e+02
1.219245622904444265e-03 2.626148064223245910e+02
1.276706898829345219e-03 2.739930954659994882e+02
1.336876241257739127e-03 2.858215107484056148e+02
1.399881277431960606e-03 2.981123342290039204e+02
1.465855649480967554e-03 3.108787215109894078e+02
1.534939297893214141e-03 3.241344450069686900e+02
1.607278758349188312e-03 3.378923530295789419e+02
1.683027472543238397e-03 3.521650541942179871e+02
1.762346113653976559e-03 3.669648564914982671e+02
1.845402927153634359e-03 3.823036563066729059e+02
1.932374087679265048e-03 3.981928466420824861e+02
2.023444072722770624e-03 4.146431879632422692e+02
2.118806053932393695e-03 4.316646763310915276e+02
2.218662306855683809e-03 4.492664073811641288e+02
2.323224639993051212e-03 4.674563613040924110e+02
2.432714844071997944e-03 4.862414002296595186e+02
2.547365162494981666e-03 5.056268421319375079e+02
2.667418783958814057e-03 5.256165319126680515e+02
2.793130358290488863e-03 5.462126191932885604e+02
2.924766536593608173e-03 5.674153117810557205e+02
3.062606536851120251e-03 5.892228371377271969e+02
3.206942736184094540e-03 6.116311633112832169e+02
3.358081291022776364e-03 6.346338350143729485e+02
3.516342786505356494e-03 6.582218083905254389e+02
3.682062916481788732e-03 6.823829251774892555e+02
3.855593195564623130e-03 7.071018947642128296e+02
4.037301704735909470e-03 7.323600520093024215e+02
4.227573872087749332e-03 7.581345943001565502e+02
4.426813290341235357e-03 7.843990502224639840e+02
4.635442572846592245e-03 8.111226885403270899e+02
4.853904249797961860e-03 8.382701382973457385e+02
5.082661706356216176e-03 8.658014456659393545e+02
5.322200164167804372e-03 8.936714460304289105e+02
5.573027707197872674e-03 9.218290846788368071e+02
5.835676351464490902e-03 9.502179145523912212e+02
6.110703155411770574e-03 9.787754087082049637e+02
6.398691361923487461e-03 1.007433018504281677e+03
6.700251551996781567e-03 1.036114183577738459e+03
7.016022770007446056e-03 1.064737397817855481e+03
7.346673545321469150e-03 1.093212120966436487e+03
7.692902675989763024e-03 1.121441098521028380e+03
8.055439545407197879e-03 1.149319089194160142e+03
8.435043596908022717e-03 1.176732182145452498e+03
8.832502376934637037e-03 1.203557843820024800e+03
9.248627258003178433e-03 1.229667792441234496e+03
9.684245558101647541e-03 1.254913305052118176e+03
1.014018729025613179e-02 1.279164894640329067e+03
1.061726424563623830e-02 1.302245823843664084e+03
1.111623863620641445e-02 1.323985729773384264e+03
1.163777829268050276e-02 1.344219611745252450e+03
1.218239575316782883e-02 1.362764464279657432e+03
1.275036995066240915e-02 1.379453517378658262e+03
1.334165215346551012e-02 1.394049517731068363e+03
1.395576272764381502e-02 1.406439767983333695e+03
1.459169197771094037e-02 1.416448383895834013e+03
1.524782537665436873e-02 1.423952154887088000e+03
1.592191790852090852e-02 1.428871526507382669e+03
1.661113996103320486e-02 1.431183379563728522e+03
1.731220526945410204e-02 1.430915195480656394e+03
1.802157108512350558e-02 1.428162161356014622e+03
1.873567904158346398e-02 1.423071702088839629e+03
1.945119215332382842e-02 1.415835148566461839e+03
2.016518571159649220e-02 1.406668711337082414e+03
2.087526603101444098e-02 1.395804299979366078e+03
2.157961254707169152e-02 1.383475889426816821e+03
2.227695627005176274e-02 1.369902142492511075e+03
2.296651615026746099e-02 1.355286435123919318e+03
2.364791502092358083e-02 1.339817332963815261e+03
2.432109193155692836e-02 1.323648348211236680e+03
2.498622143774251181e-02 1.306929043045518938e+03
2.564364499811246784e-02 1.289777645663391922e+03
2.629381586387591688e-02 1.272306196179881454e+03
2.693725666540247587e-02 1.254593803983483213e+03
2.757452789255858058e-02 1.236724850485011530e+03
2.820620518902283019e-02 1.218771787318850329e+03
2.883286349439494883e-02 1.200781902890149695e+03
2.945506634967956505e-02 1.182816966512519457e+03
3.007335900537832368e-02 1.164912508863109224e+03
3.068826427439674820e-02 1.147114706126619467e+03
3.130028032929518117e-02 1.129446253842141232e+03
3.190987985001165345e-02 1.111946038381541939e+03
3.251751008821208988e-02 1.094635383540706925e+03
3.312359353540033496e-02 1.077546625949864847e+03
3.372852897181578824e-02 1.060690684898997915e+03
3.433269273909970304e-02 1.044095480334705599e+03
3.493644012762344570e-02 1.027769099774681536e+03
3.554010680389238508e-02 1.011730044527945438e+03
3.614401022812751413e-02 9.959944889579347773e+02
3.674845102965308002e-02 9.805703189112557538e+02
3.735371432005984288e-02 9.654644701460434817e+02
3.796007093272071864e-02 9.506969796797380923e+02
3.856777858316505492e-02 9.362678677761645076e+02
3.917708294883606029e-02 9.221864241681109888e+02
3.978821866941701507e-02 9.084595860553058628e+02
4.040141027061412010e-02 8.950835252200242849e+02
4.101687301531463381e-02 8.820738513675452168e+02
4.163481368660330861e-02 8.694259851366728071e+02
4.225543130736413716e-02 8.571417385213234184e+02
4.287891780122469326e-02 8.452242570043044907e+02
4.350545859948799082e-02 8.336711843530830492e+02
4.413523319849715215e-02 8.224804385012299690e+02
4.476841567162523350e-02 8.116499156360291636e+02
4.540517513980319581e-02 8.011816873588400085e+02
4.604567620420984414e-02 7.910611980942356922e+02
4.669007934445994212e-02 7.812889521194003919e+02
4.733854128534885353e-02 7.718623315772726983e+02
4.799121533494738606e-02 7.627641395493117216e+02
4.864825169659278692e-02 7.539942238385822293e+02
4.930979775709172508e-02 7.455444927185448023e+02
4.997599835323862649e-02 7.374022268695149478e+02
5.064699601855838368e-02 7.295469653984634988e+02
5.132293121200452723e-02 7.219800852548025887e+02
5.200394253018263135e-02 7.146843940335290881e+02
5.269016690452154456e-02 7.076441370115338714e+02
5.338173978468241376e-02 7.008463795259439166e+02
5.407879530937485107e-02 6.942747824425331373e+02
5.478146646564103356e-02 6.879127220912617986e+02
5.548988523756994556e-02 6.817460192160244787e+02
5.620418274531555070e-02 6.757512907134502029e+02
5.692448937521224495e-02 6.699123340700928111e+02
5.765093490170870860e-02 6.642114216728245992e+02
5.838364860177600035e-02 6.586235232947063878e+02
5.912275936238653440e-02 6.531336417998952584e+02
5.986839578160737391e-02 6.477179634763899685e+02
6.062068626380308356e-02 6.423577296979473203e+02
6.137975910939968971e-02 6.370275176477573496e+02
6.214574259962199476e-02 6.317090663136273179e+02
6.291876507658061835e-02 6.263799823881785187e+02
6.369895501905289970e-02 6.210203421605375524e+02
6.448644111427248582e-02 6.156073179334927090e+02
6.528135232601571525e-02 6.101214197385837679e+02
6.608381795924880842e-02 6.045448357759720466e+02
6.689396772157822635e-02 5.988563601342295897e+02
6.771193178172607574e-02 5.930397752563104632e+02
6.853784082523488308e-02 5.870805370843105493e+02
6.937182610758925450e-02 5.809604297845621659e+02
7.021401950492707489e-02 5.746691845461346020e+02
7.106455356249911925e-02 5.681943647168345706e+02
7.192356154102377830e-02 5.615258250744690258e+02
7.279117746107181819e-02 5.546580174016639830e+02
7.366753614560611618e-02 5.475865474304001737e+02
7.455277326079179367e-02 5.403077463919121328e+02
7.544702535518335584e-02 5.328224518353430312e+02
7.635042989738796693e-02 5.251338023519978151e+02
7.726312531229631575e-02 5.172474778605487700e+02
7.818525101596661420e-02 5.091715737130658681e+02
7.911694744924047118e-02 5.009171070184599444e+02
8.005835611016511033e-02 4.924982685334902612e+02
8.100961958528996032e-02 4.839308531417097470e+02
8.197088157990257973e-02 4.752342369100165911e+02
8.294228694726363260e-02 4.664303429361050348e+02
8.392398171689766095e-02 4.575404009899547191e+02
8.491611312199247308e-02 4.485911975266166678e+02
8.591882962595720485e-02 4.396080970852395353e+02
8.693228094818622465e-02 4.306194576111232095e+02
8.795661808907344337e-02 4.216557587514111560e+02
8.899199335431944025e-02 4.127461614796184790e+02
9.003856037857181638e-02 4.039201890928355283e+02
9.109647414843714819e-02 3.952069818555378333e+02
9.216589102490152507e-02 3.866390392399251823e+02
9.324696876519521227e-02 3.782423285735977743e+02
9.433986654413546724e-02 3.700428498050891903e+02
9.544474497498087184e-02 3.620705769608550213e+02
9.656176612982896035e-02 3.543450044305469078e+02
9.769109355958922880e-02 3.468903456909638408e+02
9.883289231356141846e-02 3.397239869074252283e+02
9.998732895864990977e-02 3.328621446359365450e+02
1.011545715982437310e-01 3.263171055443183377e+02
1.023347898907916165e-01 3.201005734136003866e+02
1.035281550681016599e-01 3.142157114951787662e+02
1.047348399533943319e-01 3.086660524598474353e+02
1.059550189791384905e-01 3.034491670080682866e+02
1.071888682046991947e-01 2.985602736658700564e+02
1.084365653338271451e-01 2.939899493359110920e+02
1.096982897320192274e-01 2.897241056078711381e+02
1.109742224437801905e-01 2.857479437834628584e+02
1.122645462098158242e-01 2.820400063014565148e+02
1.135694454841885692e-01 2.785749674104505402e+02
1.148891064514669935e-01 2.753272931159898462e+02
1.162237170439009565e-01 2.722652620379496398e+02
1.175734669586552539e-01 2.693571789924862969e+02
1.189385476751349119e-01 2.665676615486417518e+02
1.203191524724363942e-01 2.638600356312911117e+02
1.217154764469595835e-01 2.611965227408051078e+02
1.231277165302159943e-01 2.585400696477653923e+02
1.245560715068704388e-01 2.558526492689275074e+02
1.260007420330530592e-01 2.530988781921822692e+02
1.274619306549808206e-01 2.502431286419095500e+02
1.289398418279278369e-01 2.472569665913457015e+02
1.304346819355849951e-01 2.441122777693515218e+02
1.319466593098510276e-01 2.407877020099802792e+02
1.334759842510973848e-01 2.372671031905736072e+02
1.350228690489515548e-01 2.335403243956148742e+02
1.365875280036433215e-01 2.296039707508205368e+02
1.381701774479608680e-01 2.254618731916389436e+02
1.397710357698642991e-01 2.211236491045489458e+02
1.413903234358055150e-01 2.166072887214746459e+02
1.430282630148045353e-01 2.119364835737536907e+02
1.446850792033341215e-01 2.071398946865130597e+02
1.463609988510654325e-01 2.022517833833469183e+02
1.480562509875292532e-01 1.973103861351878265e+02
1.497710668497480579e-01 1.923556794625938267e+02
1.515056799108966679e-01 1.874301133260493941e+02
1.532603259100500659e-01 1.825757230300147285e+02
1.550352428830776563e-01 1.778326399606915231e+02
1.568306711947469179e-01 1.732393182500604212e+02
1.586468535720987061e-01 1.688325584284772276e+02
1.604840351391592645e-01 1.646400617868752363e+02
1.623424634530553634e-01 1.606874835713765890e+02
1.642223885416006501e-01 1.569905703191125781e+02
1.661240629424228787e-01 1.535592799846230037e+02
1.680477417437035159e-01 1.503990673850509836e+02
1.699936826266028600e-01 1.475037606968195689e+02
1.719621459094460569e-01 1.448642141508950658e+02
1.739533945937466186e-01 1.424591641092293912e+02
1.759676944121461584e-01 1.402640302086999782e+02
1.780053138783520561e-01 1.382486858783450145e+02
1.800665243391547377e-01 1.363756904251191031e+02
1.821516000286105552e-01 1.346080553229364227e+02
1.842608181244770882e-01 1.329038512162716472e+02
1.863944588069902375e-01 1.312362211702959769e+02
1.885528053200754284e-01 1.295564045749518414e+02
1.907361440350868187e-01 1.278187000648578220e+02
1.929447645171716574e-01 1.259895167665930416e+02
1.951789595943591582e-01 1.240408725123754721e+02
1.974390254294766112e-01 1.219530833680716171e+02
1.997252615949978716e-01 1.197169841541209365e+02
2.020379711509324716e-01 1.173332671671642373e+02
2.043774607258675713e-01 1.148126310960659993e+02
2.067440406012767962e-01 1.121777536824476300e+02
2.091380247992159491e-01 1.094564621650061014e+02
2.115597311735266106e-01 1.066841197046457239e+02
2.140094815046751087e-01 1.038965519241366309e+02
2.164876015983565050e-01 1.011349664083705733e+02
2.189944213879996548e-01 9.843451095285260521e+01
2.215302750413118416e-01 9.582503160342020010e+01
2.240955010710084794e-01 9.333833681958712702e+01
2.266904424498776272e-01 9.099434110123718256e+01
2.293154467303346600e-01 8.880559762418633341e+01
2.319708661686279982e-01 8.678585768554837898e+01
2.346570578538647034e-01 8.493315700776308574e+01
2.373743838420289687e-01 8.323980294692962900e+01
2.401232112951752762e-01 8.169296046871579620e+01
2.429039126259848469e-01 8.026977278969994245e+01
2.457168656478824487e-01 7.894170953863385876e+01
2.485624537309174820e-01 7.767504404424892073e+01
2.514410659636251433e-01 7.643653738247678575e+01
2.543530973210892943e-01 7.519479766680912292e+01
2.572989488394419877e-01 7.392040613481057676e+01
2.602790277970433164e-01 7.259420087553216661e+01
2.632937479025973526e-01 7.120232311984980811e+01
2.663435294904725748e-01 6.973927413399350428e+01
2.694287997235069176e-01 6.820753036878913633e+01
2.725499928035917119e-01 6.661696448520413583e+01
2.757075501903450965e-01 6.498412234806247056e+01
2.789019208281970919e-01 6.333260952035816871e+01
2.821335613822293364e-01 6.168778708001762823e+01
2.854029364831274229e-01 6.007747462189809085e+01
2.887105189816230877e-01 5.852701943747769775e+01
2.920567902128236026e-01 5.705671233896411820e+01
2.954422402708464790e-01 5.567947399749470350e+01
2.988673682942013521e-01 5.439919132869043494e+01
3.023326827623828428e-01 5.321203426487608823e+01
3.058387018041656691e-01 5.210738902940394723e+01
3.093859535181198162e-01 5.107037129717704715e+01
3.129749763058925494e-01 5.008320153201442793e+01
3.166063192188353637e-01 4.912665393363181465e+01
3.202805423185864364e-01 4.818139158589315230e+01
3.239982170522552885e-01 4.722975969403089636e+01
3.277599266428925517e-01 4.625785321629827962e+01
3.315662664959703743e-01 4.525791748376711610e+01
3.354178446226382948e-01 4.422995272149267976e+01
3.393152820805684922e-01 4.318057535937279567e+01
3.432592134332514977e-01 4.212189546107163096e+01
3.472502872286558073e-01 4.106787460513243815e+01
3.512891664982214501e-01 4.003240226986145700e+01
3.553765292772165796e-01 3.902797397751544395e+01
3.595130691475507123e-01 3.806518818813301408e+01
3.636994958042065185e-01 3.715092679437643142e+01
3.679365356465255088e-01 3.628825265965958380e+01
3.722249323956614564e-01 3.547411025693948261e+01
3.765654477396007671e-01 3.469981846321853425e+01
3.809588620072369425e-01 3.395356021346822217e+01
3.854059748730874757e-01 3.322287580368695359e+01
3.899076060943419408e-01 3.249793276759419314e+01
3.944645962820444995e-01 3.177215405276269067e+01
3.990778077083337871e-01 3.104211723125425948e+01
4.037481251517932024e-01 3.030712298668110094e+01
4.084764567831039583e-01 2.956981823189149949e+01
4.132637350933441311e-01 2.883659680435232886e+01
4.181109178674388138e-01 2.811599781069562098e+01
4.230189892054410095e-01 2.741605289878420493e+01
4.279889605945126907e-01 2.674180130347362905e+01
4.330218720346788452e-01 2.609460045828111774e+01
4.381187932216465963e-01 2.547325100977812795e+01
4.432808247902226828e-01 2.487512076452205534e+01
4.485090996221165471e-01 2.429629936171283333e+01
4.538047842222004413e-01 2.373085016616654386e+01
4.591690801675959444e-01 2.317272439377632054e+01
4.646032256342891298e-01 2.261785882818630355e+01
4.701084970063304502e-01 2.206613283214062449e+01
4.756862105730638723e-01 2.151945708409115099e+01
4.813377243202531242e-01 2.098065248478276246e+01
4.870644398214268311e-01 2.045206527353838766e+01
4.928678042362698020e-01 1.993681240024644907e+01
4.987493124234270714e-01 1.943783364529283020e+01
5.047105091756856066e-01 1.895582244885407519e+01
5.107529915861438452e-01 1.848845048908281186e+01
5.168784115546921631e-01 1.803272904279210920e+01
5.230884784448982527e-01 1.758669496627799589e+01
5.293849619022480413e-01 1.714889764980694764e+01
5.357696948456177610e-01 1.671741390785466663e+01
5.422445766448765747e-01 1.629135338056892834e+01
5.488115764986444267e-01 1.587252264903379739e+01
5.554727370274595843e-01 1.546305791405215935e+01
5.622301780989703568e-01 1.506365243394210118e+01
5.690861009032603945e-01 1.467419743314625613e+01
5.760427922980685400e-01 1.429511503685838569e+01
5.831026294454845216e-01 1.392662071904325316e+01
5.902680847637135075e-01 1.356587446838053168e+01
5.975417312197353059e-01 1.321180663254945209e+01
6.049262479911456936e-01 1.286469314621845506e+01
6.124244265282117183e-01 1.252416662367501310e+01
6.200391770502056143e-01 1.219051518579677129e+01
6.277735355134692607e-01 1.186364042284871978e+01
6.356306710924183312e-01 1.154561735170903347e+01
6.436138942188908141e-01 1.123478023413250426e+01
6.517266652299278373e-01 1.093110731767177946e+01
6.599726036793022166e-01 1.063452860431912583e+01
6.683554983739679045e-01 1.034416641816054394e+01
6.768793182031612732e-01 1.005925569852458779e+01
6.855482238352487157e-01 9.781026467430104177e+00
6.943665803656867697e-01 9.508413186170590947e+00
7.033389710087731839e-01 9.241852809472872465e+00
7.124702119363601760e-01 8.981864644630798367e+00
7.217653683785456575e-01 8.727554355260222607e+00
7.312297721147489327e-01 8.478775137223344416e+00
7.408690404987389178e-01 8.235674516507593523e+00
7.506890971783762856e-01 7.997441356596000972e+00
7.606961946903557648e-01 7.764566529133462680e+00
7.708969391324559384e-01 7.537431943838673654e+00
7.812983171411170824e-01 7.314174673056299980e+00
7.919077254310604719e-01 7.096690343889766162e+00
8.027330031867079274e-01 6.883657542422721320e+00
8.137824676329847851e-01 6.675463534276383726e+00
8.250649531564983041e-01 6.471796920363217964e+00
8.365898543979577440e-01 6.272482141638378472e+00
8.483671737941044233e-01 6.077655557586047586e+00
8.604075741136114619e-01 5.886869170754832403e+00
8.727224366078529805e-01 5.700675346304177715e+00
8.853239254858574769e-01 5.518296675010024188e+00
8.982250595252105896e-01 5.340056737887007188e+00
9.114397917495351553e-01 5.165436307544699623e+00
9.249830982413081992e-01 4.994876665600135546e+00
9.388710773194973713e-01 4.827873367363687329e+00
9.531210604987441215e-01 4.664667637178381732e+00
9.677517368651720187e-01 4.504883966418211649e+00
9.827832927587716316e-01 4.348417065747286259e+00
9.982375689499297655e-01 4.195732035818534378e+00
1.014138237845315871e+00 4.046013943426032711e+00
1.030511003664290826e+00 3.899821860679022034e+00
1.047383829000692934e+00 3.756828475963313263e+00
1.064787191736691785e+00 3.616152419528443129e+00
1.082754376916745809e+00 3.479063293964064663e+00
1.101321808932232527e+00 3.344724870034617936e+00
1.120529430222394707e+00 3.213574305886304217e+00
1.140421133674343723e+00 3.084549735772489587e+00
1.161045257009182263e+00 2.958688317361525488e+00
1.182455148669888212e+00 2.835306352268724073e+00
1.204709816062109029e+00 2.714623239310530511e+00
1.227874668400109170e+00 2.596389144738095123e+00
1.252022367796842284e+00 2.480432602824327315e+00
1.277233803468756479e+00 2.367337829611276145e+00
1.303599204768434383e+00 2.256476430535205857e+00
1.331219408836837870e+00 2.147791840301288335e+00
1.360207297399638415e+00 2.041450222995282893e+00
1.390689413738294355e+00 1.937354577126352284e+00
1.422807763849379237e+00 1.835469283622484848e+00
1.456721793412865118e+00 1.735871646751783626e+00
1.492610511875782864e+00 1.638401701061821703e+00
1.530674703405736858e+00 1.543101627290644817e+00
1.571139117705580679e+00 1.450076213838868089e+00
1.614254467621440092e+00 1.358953600629205782e+00
1.660298972313143162e+00 1.270789664331854141e+00
1.709579075771010093e+00 1.184601001047405511e+00
1.762428850887697296e+00 1.101206406373242519e+00
1.819207495364619565e+00 1.020191223674711933e+00
1.880294287442067391e+00 9.420219920025182381e-01
1.946080473928930132e+00 8.668191108129136291e-01
2.016957903271166419e+00 7.948285310360404532e-01
2.093304861657969695e+00 7.260807586014733639e-01
2.175470491957367081e+00 6.610914857983537507e-01
2.263760163733009811e+00 5.998867206614383329e-01
2.358424805892701315e+00 5.426595555026186846e-01
2.459657033634705225e+00 4.894688979441222942e-01
2.567595655563507773e+00 4.403717463973441659e-01
2.682338115609762763e+00 3.953402250560852371e-01
2.803958393736257548e+00 3.542901028697962307e-01
2.932526725452886396e+00 3.169970227082659076e-01
3.068127610135964023e+00 2.833256760225349447e-01
3.210873706785042803e+00 2.529726407251731701e-01
3.360914710114393245e+00 2.257278578983368811e-01
3.518441553360023288e+00 2.012509234889564569e-01
3.683687005795827307e+00 1.793379286298406594e-01
3.856923940526868932e+00 1.598005149168754413e-01
4.038462416263060462e+00 1.423558853777615041e-01
4.228646433708256325e+00 1.266561628372304682e-01
4.427850924999102489e+00 1.127289749518027712e-01
4.636479280628705624e+00 1.002963129605031062e-01
4.854961533624194914e+00 8.917000916774188435e-02
5.083753201805744304e+00 7.936097768651863282e-02
5.323334722426276144e+00 7.055666764036867822e-02
5.574211384433898964e+00 6.271780682318872646e-02
5.836913658873376320e+00 5.574682155933505245e-02
6.111997837247349352e+00 4.950207578204740555e-02
6.400046903544740040e+00 4.400324413011891950e-02
6.701671583159408030e+00 3.909917470639601156e-02
7.017511528129986687e+00 3.471931520450674546e-02
7.348236611607034341e+00 3.080990026892454353e-02
7.694548314804565692e+00 2.732262766874490184e-02
8.057181197146181972e+00 2.426623973283954794e-02
8.436904445393944130e+00 2.152663934692094702e-02
8.834523500847938138e+00 1.909479005640459665e-02
9.250881765769570109e+00 1.692071921558123068e-02
9.686862391444771347e+00 1.500563503159152955e-02
1.014339015107741027e+01 1.331186377287150308e-02
1.062143340119719248e+01 1.179820534149543174e-02
1.112200613561059548e+01 1.046031066430438625e-02
1.164617013619385411e+01 9.277946378943030190e-03
1.219503722506606280e+01 8.214482327179821811e-03
1.276977162291000134e+01 7.279011843157816297e-03
1.337159241843930246e+01 6.448697738917714972e-03
1.400177615424875910e+01 5.710953476879008887e-03
1.466165953453220716e+01 5.051143977847044782e-03
1.535264226041133817e+01 4.481394332284567572e-03
1.607618999888940792e+01 3.959711866843817520e-03
1.683383749172745780e+01 3.501294402144095215e-03
1.762719181083737041e+01 3.100833055934040707e-03
1.845793576709684558e+01 2.745695431792455343e-03
1.932783147981688643e+01 2.420648522024962390e-03
2.023872411443312913e+01 2.152167625183698182e-03
2.119254579634909064e+01 1.898295713503295222e-03
2.219131970923321973e+01 1.683776193684630293e-03
2.323716438646269111e+01 1.484087863973789900e-03
2.433229820481675176e+01 1.311150744231150307e-03
2.547904408995127667e+01 1.158786147408705008e-03
2.667983444363553502e+01 1.024164434250907736e-03
2.793721630320246163e+01 9.033931491587464998e-04
2.925385674415631243e+01 7.998647206447562826e-04
3.063254853739741890e+01 7.169254548352264325e-04
3.207621607306366940e+01 6.210014598157921444e-04
3.358792156355409020e+01 5.526357024975128490e-04
3.517087153889189466e+01 4.855474649819746004e-04
3.682842364820457703e+01 4.293805474727234450e-04
3.856409378174787150e+01 3.790352186525132558e-04
4.038156352858037934e+01 3.358465857092502479e-04
4.228468798570753506e+01 2.963570760101023145e-04
4.427750393525924721e+01 2.617856364037040424e-04
4.636423840704600963e+01 2.302240508326989545e-04
4.854931764465584365e+01 2.051291332394758699e-04
5.083737649411040138e+01 1.788501383402474169e-04
5.323326823499476035e+01 1.579616997636395582e-04
5.574207487491413815e+01 1.393159404239120735e-04
5.836911792911337216e+01 1.227429842405804606e-04
6.111996970812420926e+01 1.083739633892852718e-04
6.400046513738307397e+01 9.546971352406412336e-05
6.701671413389014731e+01 8.456208553206013439e-05
7.017511456616259125e+01 7.414354725547639337e-05
7.348236582497136737e+01 6.417418236395859576e-05
7.694548303364732078e+01 5.949302778982552950e-05
8.057181192809824211e+01 5.056887801921250577e-05
8.436904443809967802e+01 4.554246036299410303e-05
8.834523500290913489e+01 3.932430418099213992e-05
9.250881765581175387e+01 3.463976624430406862e-05
9.686862391383557735e+01 3.047493381346626364e-05
1.014339015105832971e+02 2.673281538109678948e-05
1.062143340119150423e+02 2.344070225628752069e-05
1.112200613560898717e+02 2.101377100999241308e-05
1.164617013619343737e+02 1.841565625749183620e-05
1.219503722506598251e+02 1.720980835968595894e-05
1.276977162291001520e+02 1.405811389749693818e-05
1.337159241843934296e+02 1.216307404081438694e-05
1.400177615424880457e+02 1.099268277947244037e-05
1.466165953453225939e+02 9.589555588671051575e-06
1.535264226041139466e+02 8.572713145375521714e-06
1.607618999888946405e+02 6.690600313792379543e-06
1.683383749172751607e+02 6.467608877611353268e-06
1.762719181083743365e+02 5.769296532356814844e-06
1.845793576709690740e+02 5.341690904361794950e-06
1.932783147981695322e+02 4.249999163194961151e-06
2.023872411443319663e+02 3.834212515685511643e-06
2.119254579634915956e+02 3.360961181847325799e-06
2.219131970923329220e+02 2.832663891653632443e-06
2.323716438646276572e+02 2.652248312199783852e-06
2.433229820481682850e+02 2.153421063127832796e-06
2.547904408995135555e+02 1.943962962776596701e-06
2.667983444363561603e+02 1.707655551663141658e-06
2.793721630320254690e+02 1.417473877394070625e-06
2.925385674415639983e+02 1.367049080775671216e-06
3.063254853739750843e+02 1.084218285782276302e-06
3.207621607306376177e+02 1.104406985311490857e-06
3.358792156355418683e+02 7.439906720170070810e-07
3.517087153889199840e+02 7.889642203772777926e-07
3.682842364820468788e+02 7.814967562708195561e-07
3.856409378174798803e+02 5.722555789517989753e-07
4.038156352858049445e+02 6.548676931594408062e-07
4.228468798570765443e+02 3.621333828786428010e-07
4.427750393525937511e+02 3.425050984754661361e-07
4.636423840704614463e+02 3.143589675966406134e-07
4.854931764465598576e+02 2.817180820598156021e-07
5.083737649411054349e+02 1.745273264933118062e-07
5.323326823499490956e+02 1.967149984658277721e-07
5.574207487491429447e+02 1.536276654492068572e-07
5.836911792911354269e+02 1.667904455960125888e-07
6.111996970812439258e+02 1.370640323812595609e-07
6.400046513738326439e+02 1.339194502804951863e-07
6.701671413389035479e+02 1.113131775569536559e-07
7.017511456616281293e+02 6.900667044729894638e-08
7.348236582497160043e+02 6.062911249914853760e-08
7.694548303364756521e+02 5.029193042778914817e-08
8.057181192809850927e+02 6.789318018270715310e-08
8.436904443809994518e+02 4.941890210781896534e-08
8.834523500290941911e+02 3.887674021447354765e-08
9.250881765581204945e+02 1.873354045569827266e-08
9.686862391383589284e+02 2.276968267557569364e-08
1.014339015105836438e+03 2.851647173372761965e-08
1.062143340119154118e+03 3.689115003623296336e-08
1.112200613560902639e+03 1.541845208879814777e-08
1.164617013619347745e+03 1.629203542560191091e-08
1.219503722506602344e+03 1.114161296282425383e-08
1.276977162291005698e+03 3.880203243279476094e-09
1.337025525919754500e+03 3.271521280535144874e-08
