7.016026248427303308e-06 1.786743628099727752e-03
7.346681378602682049e-06 2.070234032504259924e-03
7.692919804968807398e-06 2.366640940138363142e-03
8.055475945648996308e-06 2.675309449237221922e-03
8.435118830826382119e-06 2.995774799437083032e-03
8.832653733960031304e-06 3.327738792097331092e-03
9.248923879877925496e-06 3.671050416291757063e-03
9.684812233369864367e-06 4.025689989156985317e-03
1.014124337207417699e-05 4.391753187977452157e-03
1.061918544763084319e-05 4.769441030734921684e-03
1.111965223926092733e-05 5.159048344889205148e-03
1.164370530412823039e-05 5.560953804944018981e-03
1.219245622904435158e-05 5.975614323394533994e-03
1.276706898829335786e-05 6.403558301983611027e-03
1.336876241257729301e-05 6.845379903530641325e-03
1.399881277431950218e-05 7.301735873093956677e-03
1.465855649480956665e-05 7.773341228194543574e-03
1.534939297893202391e-05 8.260967346203048137e-03
1.607278758349176535e-05 8.765439603870030238e-03
1.683027472543225631e-05 9.287636050681656943e-03
1.762346113653963237e-05 9.828486514794254961e-03
1.845402927153620386e-05 1.038897221092656073e-02
1.932374087679250330e-05 1.097012732646784894e-02
2.023444072722755351e-05 1.157303264597039222e-02
2.118806053932377554e-05 1.219882406883670070e-02
2.218662306855666638e-05 1.284869457030180483e-02
2.323224639993033648e-05 1.352388818889366066e-02
2.432714844071979499e-05 1.422570074260940710e-02
2.547365162494962516e-05 1.495549119760464056e-02
2.667418783958794162e-05 1.571467674898978373e-02
2.793130358290468561e-05 1.650473417872626303e-02
2.924766536593587397e-05 1.732720737452742021e-02
3.062606536851101359e-05 1.818370478126277515e-02
3.206942736184088306e-05 1.907590499756903896e-02
3.358081291022823391e-05 2.000555738414919182e-02
3.516342786505619224e-05 2.097448908475417484e-02
3.682062916482884102e-05 2.198460436245436647e-02
3.855593195568782591e-05 2.303789017818184612e-02
4.037301704750867638e-05 2.413641945210295847e-02
4.227573872139197734e-05 2.528235463967444877e-02
4.426813290511037599e-05 2.647795375242639748e-02
4.635442573385247899e-05 2.772557040689687530e-02
4.853904251442220998e-05 2.902766381082607858e-02
5.082661711190781650e-05 3.038679673564246772e-02
5.322200177873104532e-05 3.180565094231468243e-02
5.573027744692502986e-05 3.328702003544349586e-02
5.835676450547240502e-05 3.483382262194466977e-02
6.110703408556359144e-05 3.644910752064994819e-02
6.398691987771303036e-05 3.813605544202745834e-02
6.700253050579889705e-05 3.989799188102775840e-02
7.016026248427330921e-05 4.173838534066323658e-02
7.346681378602710848e-05 4.366086318252296317e-02
7.692919804968837891e-05 4.566921043266936042e-02
8.055475945649029172e-05 4.776738174215005434e-02
8.435118830826415662e-05 4.995950930474210572e-02
8.832653733960066540e-05 5.224991006471168403e-02
9.248923879877960733e-05 5.464309158688597512e-02
9.684812233369901636e-05 5.714376481853322004e-02
1.014124337207421528e-04 5.975685085732398288e-02
1.061918544763088148e-04 6.248749322765206893e-02
1.111965223926096764e-04 6.534106313047666204e-02
1.164370530412827071e-04 6.832317326842614336e-02
1.219245622904439495e-04 7.143969150756210307e-02
1.276706898829340394e-04 7.469674496511925776e-02
1.336876241257733977e-04 7.810073667282184384e-02
1.399881277431955131e-04 8.165835819035158205e-02
1.465855649480961916e-04 8.537660150799412928e-02
1.534939297893208015e-04 8.926277112989731977e-02
1.607278758349182295e-04 9.332450076488593704e-02
1.683027472543232000e-04 9.756976582984161483e-02
1.762346113653969946e-04 1.020069002446559736e-01
1.845402927153627366e-04 1.066446119154969702e-01
1.932374087679258055e-04 1.114919977233684023e-01
2.023444072722763414e-04 1.165585631495042879e-01
2.118806053932385889e-04 1.218542380800862884e-01
2.218662306855675515e-04 1.273893980395787995e-01
2.323224639993043134e-04 1.331748812743507870e-01
2.432714844071989324e-04 1.392220093208429432e-01
2.547365162494972884e-04 1.455426090966420449e-01
2.667418783958805275e-04 1.521490332223739139e-01
2.793130358290480081e-04 1.590541848231269428e-01
2.924766536593599391e-04 1.662715385442557758e-01
3.062606536851113963e-04 1.738151656061734107e-01
3.206942736184100503e-04 1.816997587325816788e-01
3.358081291022836537e-04 1.899406596430765204e-01
3.516342786505633725e-04 1.985538831883448818e-01
3.682062916482898196e-04 2.075561471528710455e-01
3.855593195568798176e-04 2.169648990650267506e-01
4.037301704750884037e-04 2.267983470268729318e-01
4.227573872139214674e-04 2.370754882858133183e-01
4.426813290511055353e-04 2.478161401849067746e-01
4.635442573385266602e-04 2.590409718745768086e-01
4.853904251442240107e-04 2.707715350388320008e-01
5.082661711190801165e-04 2.830302989407222913e-01
5.322200177873124454e-04 2.958406784704783465e-01
5.573027744692524805e-04 3.092270727244296191e-01
5.835676450547263271e-04 3.232148916801270144e-01
6.110703408556383267e-04 3.378305905280677979e-01
6.398691987771329328e-04 3.531017113756219072e-01
6.700253050579916539e-04 3.690568943162826354e-01
7.016026248427357755e-04 3.857259309330985375e-01
7.346681378602739308e-04 4.031397755389509729e-01
7.692919804968866623e-04 4.213305826611744576e-01
8.055475945649059801e-04 4.403317275596306257e-01
8.435118830826447917e-04 4.601778245644956855e-01
8.832653733960100150e-04 4.809047518627453388e-01
9.248923879877996241e-04 5.025496638841276953e-01
9.684812233369939584e-04 5.251509909855145430e-01
1.014124337207425539e-03 5.487484481826613303e-01
1.061918544763092295e-03 5.733830275319345970e-01
1.111965223926101101e-03 5.990969779262884654e-01
1.164370530412831787e-03 6.259337847195721727e-01
1.219245622904444265e-03 6.539381252539023803e-01
1.276706898829345219e-03 6.831558186221119433e-01
1.336876241257739127e-03 7.136337534527186222e-01
1.399881277431960606e-03 7.454175656506211167e-01
1.465855649480967554e-03 7.785559839818638750e-01
1.534939297893214141e-03 8.131002798518570662e-01
1.607278758349188312e-03 8.491004403445576720e-01
1.683027472543238397e-03 8.866068055893274735e-01
1.762346113653976559e-03 9.256698594656682655e-01
1.845402927153634359e-03 9.663399331708082407e-01
1.932374087679265048e-03 1.008666904818400045e+00
2.023444072722770624e-03 1.052699828827706074e+00
2.118806053932393695e-03 1.098486511233135676e+00
2.218662306855683809e-03 1.146073064389518503e+00
2.323224639993051212e-03 1.195503264965807277e+00
2.432714844071997944e-03 1.246818103433485092e+00
2.547365162494981666e-03 1.300054919899066519e+00
2.667418783958814057e-03 1.355246758797220341e+00
2.793130358290488863e-03 1.412421565751388108e+00
2.924766536593608173e-03 1.471601072184443693e+00
3.062606536851120251e-03 1.532800025145979461e+00
3.206942736184094540e-03 1.596024914141440654e+00
3.358081291022776364e-03 1.661272976022605263e+00
3.516342786505356494e-03 1.728530914814738750e+00
3.682062916481788732e-03 1.797773447474009023e+00
3.855593195564623130e-03 1.868962382163087188e+00
4.037301704735909470e-03 1.942045318280261723e+00
4.227573872087749332e-03 2.016953358126115869e+00
4.426813290341235357e-03 2.093601389897043585e+00
4.635442572846592245e-03 2.171885921094920846e+00
4.853904249797961860e-03 2.251684089325198368e+00
5.082661706356216176e-03 2.332853388906578118e+00
5.322200164167804372e-03 2.415230574995721469e+00
5.573027707197872674e-03 2.498630545816880488e+00
5.835676351464490902e-03 2.582848298859940606e+00
6.110703155411770574e-03 2.667658106656322747e+00
6.398691361923487461e-03 2.752814889456839609e+00
6.700251551996781567e-03 2.838050261588309198e+00
7.016022770007446056e-03 2.923083517737269155e+00
7.346673545321469150e-03 3.007612852142038662e+00
7.692902675989763024e-03 3.091323390317400222e+00
8.055439545407197879e-03 3.173886209783096213e+00
8.435043596908022717e-03 3.254957100850823792e+00
8.832502376934637037e-03 3.334179691166416770e+00
9.248627258003178433e-03 3.411187195555727580e+00
9.684245558101647541e-03 3.485582706906238393e+00
1.014018729025613179e-02 3.556975502225254715e+00
1.061726424563623830e-02 3.624937368342819877e+00
1.111623863620641445e-02 3.689020558338491629e+00
1.163777829268050276e-02 3.748753283063563924e+00
1.218239575316782883e-02 3.803641666724093096e+00
1.275036995066240915e-02 3.853175181625162704e+00
1.334165215346551012e-02 3.896835403228956274e+00
1.395576272764381502e-02 3.934132906825637654e+00
1.459169197771094037e-02 3.964614198456815952e+00
1.524782537665436873e-02 3.987920724209199630e+00
1.592191790852090852e-02 4.003808229103917427e+00
1.661113996103320486e-02 4.012203112354280066e+00
1.731220526945410204e-02 4.013184253570581284e+00
1.802157108512350558e-02 4.007026997627845866e+00
1.873567904158346398e-02 3.994156721862471837e+00
1.945119215332382842e-02 3.975124526847996886e+00
2.016518571159649220e-02 3.950549156077686863e+00
2.087526603101444098e-02 3.921091815409829096e+00
2.157961254707169152e-02 3.887417611868811740e+00
2.227695627005176274e-02 3.850148286322827573e+00
2.296651615026746099e-02 3.809861522838913217e+00
2.364791502092358083e-02 3.767094205110881333e+00
2.432109193155692836e-02 3.722285491095070675e+00
2.498622143774251181e-02 3.675862661184912561e+00
2.564364499811246784e-02 3.628165288050310799e+00
2.629381586387591688e-02 3.579514716425062026e+00
2.693725666540247587e-02 3.530139703429556963e+00
2.757452789255858058e-02 3.480283265800086401e+00
2.820620518902283019e-02 3.430150348974449148e+00
2.883286349439494883e-02 3.379880521954012451e+00
2.945506634967956505e-02 3.329649463367684969e+00
3.007335900537832368e-02 3.279559550032134840e+00
3.068826427439674820e-02 3.229743601847263168e+00
3.130028032929518117e-02 3.180266551939927133e+00
3.190987985001165345e-02 3.131241661162925904e+00
3.251751008821208988e-02 3.082726509100444101e+00
3.312359353540033496e-02 3.034818079146951675e+00
3.372852897181578824e-02 2.987546435673121614e+00
3.433269273909970304e-02 2.940992100375042551e+00
3.493644012762344570e-02 2.895178755678850635e+00
3.554010680389238508e-02 2.850161056901429291e+00
3.614401022812751413e-02 2.805982231615054445e+00
3.674845102965308002e-02 2.762669753942941231e+00
3.735371432005984288e-02 2.720239383634817099e+00
3.796007093272071864e-02 2.678752250976424332e+00
3.856777858316505492e-02 2.638207469851858278e+00
3.917708294883606029e-02 2.598632273799041492e+00
3.978821866941701507e-02 2.560046080827028003e+00
4.040141027061412010e-02 2.522439726752922162e+00
4.101687301531463381e-02 2.485856480841793115e+00
4.163481368660330861e-02 2.450285243972460503e+00
4.225543130736413716e-02 2.415730875276882461e+00
4.287891780122469326e-02 2.382202869145072288e+00
4.350545859948799082e-02 2.349695282784752148e+00
4.413523319849715215e-02 2.318202832626660825e+00
4.476841567162523350e-02 2.287719265796834822e+00
4.540517513980319581e-02 2.258251255899119680e+00
4.604567620420984414e-02 2.229755235161980043e+00
4.669007934445994212e-02 2.202238145820672788e+00
4.733854128534885353e-02 2.175690880682731976e+00
4.799121533494738606e-02 2.150065504509393044e+00
4.864825169659278692e-02 2.125374283469874559e+00
4.930979775709172508e-02 2.101573075342472396e+00
4.997599835323862649e-02 2.078633489361498388e+00
5.064699601855838368e-02 2.056499780595657079e+00
5.132293121200452723e-02 2.035192752259599391e+00
5.200394253018263135e-02 2.014642382024014022e+00
5.269016690452154456e-02 1.994802332338339035e+00
5.338173978468241376e-02 1.975642837262194584e+00
5.407879530937485107e-02 1.957118789742312126e+00
5.478146646564103356e-02 1.939183554703780787e+00
5.548988523756994556e-02 1.921797289994482627e+00
5.620418274531555070e-02 1.904894843100746415e+00
5.692448937521224495e-02 1.888430498202460672e+00
5.765093490170870860e-02 1.872354570230564841e+00
5.838364860177600035e-02 1.856597343657674370e+00
5.912275936238653440e-02 1.841116314932503162e+00
5.986839578160737391e-02 1.825844818223102850e+00
6.062068626380308356e-02 1.810730126509066951e+00
6.137975910939968971e-02 1.795701060857759712e+00
6.214574259962199476e-02 1.780706295382028514e+00
6.291876507658061835e-02 1.765682840980591806e+00
6.369895501905289970e-02 1.750574754055027382e+00
6.448644111427248582e-02 1.735318039576163152e+00
6.528135232601571525e-02 1.719857317836457788e+00
6.608381795924880842e-02 1.704143064830801357e+00
6.689396772157822635e-02 1.688115514014460583e+00
6.771193178172607574e-02 1.671728646327688361e+00
6.853784082523488308e-02 1.654941858827638779e+00
6.937182610758925450e-02 1.637703892262509342e+00
7.021401950492707489e-02 1.619985282263507465e+00
7.106455356249911925e-02 1.601751269694625002e+00
7.192356154102377830e-02 1.582973326227893329e+00
7.279117746107181819e-02 1.563635546217855055e+00
7.366753614560611618e-02 1.543725332688655749e+00
7.455277326079179367e-02 1.523232518139370884e+00
7.544702535518335584e-02 1.502159094924260474e+00
7.635042989738796693e-02 1.480513682089006355e+00
7.726312531229631575e-02 1.458312203851426014e+00
7.818525101596661420e-02 1.435577286463359803e+00
7.911694744924047118e-02 1.412339784734933712e+00
8.005835611016511033e-02 1.388639379793452644e+00
8.100961958528996032e-02 1.364520380614468342e+00
8.197088157990257973e-02 1.340037117623816831e+00
8.294228694726363260e-02 1.315251194055581996e+00
8.392398171689766095e-02 1.290221927477994912e+00
8.491611312199247308e-02 1.265024695593283788e+00
8.591882962595720485e-02 1.239730694780448728e+00
8.693228094818622465e-02 1.214419724397193923e+00
8.795661808907344337e-02 1.189176992233436092e+00
8.899199335431944025e-02 1.164084925466051912e+00
9.003856037857181638e-02 1.139226102170316501e+00
9.109647414843714819e-02 1.114682437229067569e+00
9.216589102490152507e-02 1.090545830573582675e+00
9.324696876519521227e-02 1.066888797546269085e+00
9.433986654413546724e-02 1.043784687250701726e+00
9.544474497498087184e-02 1.021317990537085940e+00
9.656176612982896035e-02 9.995435284634360817e-01
9.769109355958922880e-02 9.785293544166260293e-01
9.883289231356141846e-02 9.583254614893892409e-01
9.998732895864990977e-02 9.389763418402155004e-01
1.011545715982437310e-01 9.205168439775610612e-01
1.023347898907916165e-01 9.029809148654152073e-01
1.035281550681016599e-01 8.863777064481641599e-01
1.047348399533943319e-01 8.707161301395575093e-01
1.059550189791384905e-01 8.559905608581673819e-01
1.071888682046991947e-01 8.421883471561188994e-01
1.084365653338271451e-01 8.292814086904847226e-01
1.096982897320192274e-01 8.172318564169051003e-01
1.109742224437801905e-01 8.059976608234806772e-01
1.122645462098158242e-01 7.955189250640909426e-01
1.135694454841885692e-01 7.857244754860565061e-01
1.148891064514669935e-01 7.765424515290345608e-01
1.162237170439009565e-01 7.678840223845797563e-01
1.175734669586552539e-01 7.596602553991737006e-01
1.189385476751349119e-01 7.517716363782649402e-01
1.203191524724363942e-01 7.441153121249226565e-01
1.217154764469595835e-01 7.365848605597153931e-01
1.231277165302159943e-01 7.290765732958495171e-01
1.245560715068704388e-01 7.214830855333985715e-01
1.260007420330530592e-01 7.137052664177160333e-01
1.274619306549808206e-01 7.056429634096438308e-01
1.289398418279278369e-01 6.972156422079781590e-01
1.304346819355849951e-01 6.883446516643718649e-01
1.319466593098510276e-01 6.789695698802752366e-01
1.334759842510973848e-01 6.690450708693022053e-01
1.350228690489515548e-01 6.585419397848842893e-01
1.365875280036433215e-01 6.474505885141703665e-01
1.381701774479608680e-01 6.357815359762822860e-01
1.397710357698642991e-01 6.235617580937430349e-01
1.413903234358055150e-01 6.108410577337556324e-01
1.430282630148045353e-01 5.976861981677751290e-01
1.446850792033341215e-01 5.841773696430104801e-01
1.463609988510654325e-01 5.704106594661250140e-01
1.480562509875292532e-01 5.564935601318705682e-01
1.497710668497480579e-01 5.425379072856704177e-01
1.515056799108966679e-01 5.286631487416838526e-01
1.532603259100500659e-01 5.149874293721922180e-01
1.550352428830776563e-01 5.016233729881771630e-01
1.568306711947469179e-01 4.886821536453783144e-01
1.586468535720987061e-01 4.762617833149868085e-01
1.604840351391592645e-01 4.644427722205733411e-01
1.623424634530553634e-01 4.532978876460695417e-01
1.642223885416006501e-01 4.428690828622734998e-01
1.661240629424228787e-01 4.331886358696518946e-01
1.680477417437035159e-01 4.242705259438728782e-01
1.699936826266028600e-01 4.160996719641184005e-01
1.719621459094460569e-01 4.086440290122887453e-01
1.739533945937466186e-01 4.018500214799827219e-01
1.759676944121461584e-01 3.956472322526726204e-01
1.780053138783520561e-01 3.899530049753932026e-01
1.800665243391547377e-01 3.846558783066990617e-01
1.821516000286105552e-01 3.796582986873642263e-01
1.842608181244770882e-01 3.748406282593307326e-01
1.863944588069902375e-01 3.701270322313048311e-01
1.885528053200754284e-01 3.653806565280598440e-01
1.907361440350868187e-01 3.604728895053137538e-01
1.929447645171716574e-01 3.553095930838978678e-01
1.951789595943591582e-01 3.498117954461773538e-01
1.974390254294766112e-01 3.439239315196851443e-01
1.997252615949978716e-01 3.376200888651173515e-01
2.020379711509324716e-01 3.309019923608256253e-01
2.043774607258675713e-01 3.238009767083960266e-01
2.067440406012767962e-01 3.163774165455958132e-01
2.091380247992159491e-01 3.087108681950024858e-01
2.115597311735266106e-01 3.008989530124738798e-01
2.140094815046751087e-01 2.930470272508032825e-01
2.164876015983565050e-01 2.852658020893163449e-01
2.189944213879996548e-01 2.776542851365506603e-01
2.215302750413118416e-01 2.703009502303388434e-01
2.240955010710084794e-01 2.632908687921419189e-01
2.266904424498776272e-01 2.566797847004491095e-01
2.293154467303346600e-01 2.505072520665966862e-01
2.319708661686279982e-01 2.448089656555554050e-01
2.346570578538647034e-01 2.395807630301887980e-01
2.373743838420289687e-01 2.348013399854519678e-01
2.401232112951752762e-01 2.304338335634683876e-01
2.429039126259848469e-01 2.264145018654901975e-01
2.457168656478824487e-01 2.226631922566338073e-01
2.485624537309174820e-01 2.190855211521878787e-01
2.514410659636251433e-01 2.155878138760843055e-01
2.543530973210892943e-01 2.120817336870229330e-01
2.572989488394419877e-01 2.084860228998156595e-01
2.602790277970433164e-01 2.047442653999632656e-01
2.632937479025973526e-01 2.008184140818293217e-01
2.663435294904725748e-01 1.966930695801955564e-01
2.694287997235069176e-01 1.923749561437381739e-01
2.725499928035917119e-01 1.878908243287630842e-01
2.757075501903450965e-01 1.832897093435022495e-01
2.789019208281970919e-01 1.786341330097035440e-01
2.821335613822293364e-01 1.739982278033269103e-01
2.854029364831274229e-01 1.694590911192585536e-01
2.887105189816230877e-01 1.650881096580562035e-01
2.920567902128236026e-01 1.609422360125825902e-01
2.954422402708464790e-01 1.570578033853086974e-01
2.988673682942013521e-01 1.534460875704831417e-01
3.023326827623828428e-01 1.500963000984740781e-01
3.058387018041656691e-01 1.469787396941115709e-01
3.093859535181198162e-01 1.440516828544889938e-01
3.129749763058925494e-01 1.412652736105420304e-01
3.166063192188353637e-01 1.385654554036993280e-01
3.202805423185864364e-01 1.358977792625482295e-01
3.239982170522552885e-01 1.332126798655018374e-01
3.277599266428925517e-01 1.304710199293367678e-01
3.315662664959703743e-01 1.276509195880884129e-01
3.354178446226382948e-01 1.247522636082959435e-01
3.393152820805684922e-01 1.217935994605162942e-01
3.432592134332514977e-01 1.188088325557779962e-01
3.472502872286558073e-01 1.158371079235265000e-01
3.512891664982214501e-01 1.129175441150204184e-01
3.553765292772165796e-01 1.100853113406779910e-01
3.595130691475507123e-01 1.073700762144681187e-01
3.636994958042065185e-01 1.047914003109425979e-01
3.679365356465255088e-01 1.023577853720958747e-01
3.722249323956614564e-01 1.000607395671378463e-01
3.765654477396007671e-01 9.787603820929101361e-02
3.809588620072369425e-01 9.577035409143491718e-02
3.854059748730874757e-01 9.370876223390331439e-02
3.899076060943419408e-01 9.166356390442065294e-02
3.944645962820444995e-01 8.961632765948317203e-02
3.990778077083337871e-01 8.755728580550284357e-02
4.037481251517932024e-01 8.548443975428970942e-02
4.084764567831039583e-01 8.340524479023328497e-02
4.132637350933441311e-01 8.133765668144281313e-02
4.181109178674388138e-01 7.930552056144929418e-02
4.230189892054410095e-01 7.733152819745016393e-02
4.279889605945126907e-01 7.542984850181429224e-02
4.330218720346788452e-01 7.360428062871740562e-02
4.381187932216465963e-01 7.185151959245421327e-02
4.432808247902226828e-01 7.016417957155401952e-02
4.485090996221165471e-01 6.853128173349307128e-02
4.538047842222004413e-01 6.693611123913922878e-02
4.591690801675959444e-01 6.536172809772730630e-02
4.646032256342891298e-01 6.379667283472043038e-02
4.701084970063304502e-01 6.224061956130150230e-02
4.756862105730638723e-01 6.069875658980675853e-02
4.813377243202531242e-01 5.917914584739294992e-02
4.870644398214268311e-01 5.768833351626282552e-02
4.928678042362698020e-01 5.623509469131787730e-02
4.987493124234270714e-01 5.482769394935289170e-02
5.047105091756856066e-01 5.346805492905468138e-02
5.107529915861438452e-01 5.214967794724581496e-02
5.168784115546921631e-01 5.086417703902694487e-02
5.230884784448982527e-01 4.960600575836263126e-02
5.293849619022480413e-01 4.837110844809840854e-02
5.357696948456177610e-01 4.715406070507048575e-02
5.422445766448765747e-01 4.595235527175368234e-02
5.488115764986444267e-01 4.477104957044097250e-02
5.554727370274595843e-01 4.361614180412758113e-02
5.622301780989703568e-01 4.248958028350991595e-02
5.690861009032603945e-01 4.139108795547648961e-02
5.760427922980685400e-01 4.032181466483225618e-02
5.831026294454845216e-01 3.928237173578406211e-02
5.902680847637135075e-01 3.826481071487659869e-02
5.975417312197353059e-01 3.726611261957708809e-02
6.049262479911456936e-01 3.628703535600522057e-02
6.124244265282117183e-01 3.532654081606065311e-02
6.200391770502056143e-01 3.438545201345937635e-02
6.277735355134692607e-01 3.346347044360809680e-02
6.356306710924183312e-01 3.256643466034528367e-02
6.436138942188908141e-01 3.168966703746500801e-02
6.517266652299278373e-01 3.083310941406408254e-02
6.599726036793022166e-01 2.999655270330638460e-02
6.683554983739679045e-01 2.917753968835181191e-02
6.768793182031612732e-01 2.837391586304344529e-02
6.855482238352487157e-01 2.758912978128270563e-02
6.943665803656867697e-01 2.682018554165949836e-02
7.033389710087731839e-01 2.606831759042442520e-02
7.124702119363601760e-01 2.533497438776706120e-02
7.217653683785456575e-01 2.461765019107113248e-02
7.312297721147489327e-01 2.391593113219634900e-02
7.408690404987389178e-01 2.323022280664003431e-02
7.506890971783762856e-01 2.255825332774002642e-02
7.606961946903557648e-01 2.190139414596012010e-02
7.708969391324559384e-01 2.126072274634997414e-02
7.812983171411170824e-01 2.063099302579077948e-02
7.919077254310604719e-01 2.001753844091490667e-02
8.027330031867079274e-01 1.941664682245996393e-02
8.137824676329847851e-01 1.882940060045532396e-02
8.250649531564983041e-01 1.825492529322733995e-02
8.365898543979577440e-01 1.769272683399054219e-02
8.483671737941044233e-01 1.714318349356167004e-02
8.604075741136114619e-01 1.660504086759563916e-02
8.727224366078529805e-01 1.607984682680402636e-02
8.853239254858574769e-01 1.556541959641604203e-02
8.982250595252105896e-01 1.506266093079651307e-02
9.114397917495351553e-01 1.457011650206209430e-02
9.249830982413081992e-01 1.408902126734886372e-02
9.388710773194973713e-01 1.361796133597987894e-02
9.531210604987441215e-01 1.315760962959265125e-02
9.677517368651720187e-01 1.270691250067681501e-02
9.827832927587716316e-01 1.226557011940689230e-02
9.982375689499297655e-01 1.183489384207214029e-02
1.014138237845315871e+00 1.141258878048048361e-02
1.030511003664290826e+00 1.100022654798109463e-02
1.047383829000692934e+00 1.059688813884950183e-02
1.064787191736691785e+00 1.020008673010654870e-02
1.082754376916745809e+00 9.813400916648134034e-03
1.101321808932232527e+00 9.434474588456667060e-03
1.120529430222394707e+00 9.064541195237521207e-03
1.140421133674343723e+00 8.700603599243933450e-03
1.161045257009182263e+00 8.345587502889066991e-03
1.182455148669888212e+00 7.997565270262310677e-03
1.204709816062109029e+00 7.657155983925757400e-03
1.227874668400109170e+00 7.323654627991260310e-03
1.252022367796842284e+00 6.996577383120178295e-03
1.277233803468756479e+00 6.677572075273239573e-03
1.303599204768434383e+00 6.364866203896402640e-03
1.331219408836837870e+00 6.058300232744160720e-03
1.360207297399638415e+00 5.758342956042018616e-03
1.390689413738294355e+00 5.464720974573958161e-03
1.422807763849379237e+00 5.177333912170359320e-03
1.456721793412865118e+00 4.896399147632383812e-03
1.492610511875782864e+00 4.621465581165758695e-03
1.530674703405736858e+00 4.352653130764371284e-03
1.571139117705580679e+00 4.090256033855116206e-03
1.614254467621440092e+00 3.833226461164786821e-03
1.660298972313143162e+00 3.584542109235115768e-03
1.709579075771010093e+00 3.341429468915366966e-03
1.762428850887697296e+00 3.106198066777055792e-03
1.819207495364619565e+00 2.877677993603902640e-03
1.880294287442067391e+00 2.657185406570219174e-03
1.946080473928930132e+00 2.445060155841487053e-03
2.016957903271166419e+00 2.241995641230157613e-03
2.093304861657969695e+00 2.048078029346144923e-03
2.175470491957367081e+00 1.864762027682570922e-03
2.263760163733009811e+00 1.692120780933313107e-03
2.358424805892701315e+00 1.530699334476364306e-03
2.459657033634705225e+00 1.380663576448039331e-03
2.567595655563507773e+00 1.242174339641230908e-03
2.682338115609762763e+00 1.115153036146101975e-03
2.803958393736257548e+00 9.993621026966022572e-04
2.932526725452886396e+00 8.941686833397589993e-04
3.068127610135964023e+00 7.991911135549873389e-04
3.210873706785042803e+00 7.135735570133463698e-04
3.360914710114393245e+00 6.367235329142778739e-04
3.518441553360023288e+00 5.676806930234404866e-04
3.683687005795827307e+00 5.058700787200271940e-04
3.856923940526868932e+00 4.507602788906138642e-04
4.038462416263060462e+00 4.015537486434154037e-04
4.228646433708256325e+00 3.572689744054818612e-04
4.427850924999102489e+00 3.179840552189020387e-04
4.636479280628705624e+00 2.829146198774600126e-04
4.854961533624194914e+00 2.515302386188735472e-04
5.083753201805744304e+00 2.238614425609127792e-04
5.323334722426276144e+00 1.990269161090475508e-04
5.574211384433898964e+00 1.769153229714703511e-04
5.836913658873376320e+00 1.572519247972816846e-04
6.111997837247349352e+00 1.396370576459672825e-04
6.400046903544740040e+00 1.241260874495658828e-04
6.701671583159408030e+00 1.102931190405093928e-04
7.017511528129986687e+00 9.793842070605270089e-05
7.348236611607034341e+00 8.691082242069588263e-05
7.694548314804565692e+00 7.707404476978685067e-05
8.057181197146181972e+00 6.845262321722018182e-05
8.436904445393944130e+00 6.072481964534653904e-05
8.834523500847938138e+00 5.386510404842263534e-05
9.250881765769570109e+00 4.773251126320031721e-05
9.686862391444771347e+00 4.233045914246427239e-05
1.014339015107741027e+01 3.755267546833092898e-05
1.062143340119719248e+01 3.328294115922306970e-05
1.112200613561059548e+01 2.950898597325921042e-05
1.164617013619385411e+01 2.617375529233483133e-05
1.219503722506606280e+01 2.317390781290646514e-05
1.276977162291000134e+01 2.053510301695566243e-05
1.337159241843930246e+01 1.819291598253876851e-05
1.400177615424875910e+01 1.611184773592685870e-05
1.466165953453220716e+01 1.425061028970963312e-05
1.535264226041133817e+01 1.264342240291418285e-05
1.607618999888940792e+01 1.117180906361184564e-05
1.683383749172745780e+01 9.878653083487103369e-06
1.762719181083737041e+01 8.748985267119777689e-06
1.845793576709684558e+01 7.747164641883677369e-06
1.932783147981688643e+01 6.830213224511797592e-06
2.023872411443312913e+01 6.072843086806012333e-06
2.119254579634909064e+01 5.356664020837394799e-06
2.219131970923321973e+01 4.751503261834294446e-06
2.323716438646269111e+01 4.188164758612339008e-06
2.433229820481675176e+01 3.700292100397876889e-06
2.547904408995127667e+01 3.270433495436618501e-06
2.667983444363553502e+01 2.890661845735162441e-06
2.793721630320246163e+01 2.549938340565630909e-06
2.925385674415631243e+01 2.257861525707894759e-06
3.063254853739741890e+01 2.023885467737715425e-06
3.207621607306366940e+01 1.753223035140160894e-06
3.358792156355409020e+01 1.560343066212323061e-06
3.517087153889189466e+01 1.371048112027259974e-06
3.682842364820457703e+01 1.212572162208948489e-06
3.856409378174787150e+01 1.070515240530086954e-06
4.038156352858037934e+01 9.486529920967724177e-07
4.228468798570753506e+01 8.372199126002526778e-07
4.427750393525924721e+01 7.396623060375363125e-07
4.636423840704600963e+01 6.505902689990101633e-07
4.854931764465584365e+01 5.797782071595738886e-07
5.083737649411040138e+01 5.055989806926379854e-07
5.323326823499476035e+01 4.466426918183334613e-07
5.574207487491413815e+01 3.940119537559231813e-07
5.836911792911337216e+01 3.472281074796669049e-07
6.111996970812420926e+01 3.066645181615098588e-07
6.400046513738307397e+01 2.702303989447955507e-07
6.701671413389014731e+01 2.394357698954900974e-07
7.017511456616259125e+01 2.100117596586972765e-07
7.348236582497136737e+01 1.818444170720745902e-07
7.694548303364732078e+01 1.686570459310090680e-07
8.057181192809824211e+01 1.434239129403639867e-07
8.436904443809967802e+01 1.292368493052159241e-07
8.834523500290913489e+01 1.116536583071801829e-07
9.250881765581175387e+01 9.841454544623371399e-08
9.686862391383557735e+01 8.664093356317141119e-08
1.014339015105832971e+02 7.605854704996389691e-08
1.062143340119150423e+02 6.674638930122766931e-08
1.112200613560898717e+02 5.989021493879436669e-08
1.164617013619343737e+02 5.253664256995546121e-08
1.219503722506598251e+02 4.915159552585170108e-08
1.276977162291001520e+02 4.019498926655709627e-08
1.337159241843934296e+02 3.481950344500957121e-08
1.400177615424880457e+02 3.151368222150282614e-08
1.466165953453225939e+02 2.753250975880461053e-08
1.535264226041139466e+02 2.465439468440855736e-08
1.607618999888946405e+02 1.927257253096140107e-08
1.683383749172751607e+02 1.866944954326442062e-08
1.762719181083743365e+02 1.668906796229098316e-08
1.845793576709690740e+02 1.548948799723954012e-08
1.932783147981695322e+02 1.235270145916348181e-08
2.023872411443319663e+02 1.117522362792612631e-08
2.119254579634915956e+02 9.824620888885238848e-09
2.219131970923329220e+02 8.306103041311586665e-09
2.323716438646276572e+02 7.804895713846503090e-09
2.433229820481682850e+02 6.359533226088661559e-09
2.547904408995135555e+02 5.764335547267309376e-09
2.667983444363561603e+02 5.085544233864529735e-09
2.793721630320254690e+02 4.240530078173102942e-09
2.925385674415639983e+02 4.110755647934043874e-09
3.063254853739750843e+02 3.277028076667960499e-09
3.207621607306376177e+02 3.357800768384657343e-09
3.358792156355418683e+02 2.274855447437426244e-09
3.517087153889199840e+02 2.428337086052137398e-09
3.682842364820468788e+02 2.421587876251874427e-09
3.856409378174798803e+02 1.785772597015792424e-09
4.038156352858049445e+02 2.058206124277284518e-09
4.228468798570765443e+02 1.147829899690068995e-09
4.427750393525937511e+02 1.094305085183331806e-09
4.636423840704614463e+02 1.012650986963846877e-09
4.854931764465598576e+02 9.152054514236697378e-10
5.083737649411054349e+02 5.734075336635656102e-10
5.323326823499490956e+02 6.508914580675283520e-10
5.574207487491429447e+02 5.135148141737210789e-10
5.836911792911354269e+02 5.613528669968724943e-10
6.111996970812439258e+02 4.657648499480095765e-10
6.400046513738326439e+02 4.585868223626792045e-10
6.701671413389035479e+02 3.847903978748279863e-10
7.017511456616281293e+02 2.416310222975104535e-10
7.348236582497160043e+02 2.140726224016570549e-10
7.694548303364756521e+02 1.791206577335123947e-10
8.057181192809850927e+02 2.431573582616024380e-10
8.436904443809994518e+02 1.787116656692055759e-10
8.834523500290941911e+02 1.418279305737549330e-10
9.250881765581204945e+02 6.865809790323632076e-11
9.686862391383589284e+02 8.434254061613502637e-11
1.014339015105836438e+03 1.071011656926498230e-10
1.062143340119154118e+03 1.407374409483756963e-10
1.112200613560902639e+03 5.881578448854366787e-11
1.164617013619347745e+03 6.305677664667610266e-11
1.219503722506602344e+03 4.349849448924836309e-11
1.276977162291005698e+03 1.521605692056275877e-11
1.337025525919754500e+03 1.312750597521294901e-10
