7.016026248427303308e-06 6.289611168054050072e-01
7.346681378602682049e-06 7.287541508958720327e-01
7.692919804968807398e-06 8.330939942396985431e-01
8.055475945648996308e-06 9.417501352802386538e-01
8.435118830826382119e-06 1.054558796015004685e+00
8.832653733960031304e-06 1.171414996965343125e+00
9.248923879877925496e-06 1.292265686244068013e+00
9.684812233369864367e-06 1.417103864936151147e+00
1.014124337207417699e-05 1.545963455042083101e+00
1.061918544763084319e-05 1.678915039039950985e+00
1.111965223926092733e-05 1.816062237948888880e+00
1.164370530412823039e-05 1.957538601692791147e+00
1.219245622904435158e-05 2.103504939518148209e+00
1.276706898829335786e-05 2.254147099455987568e+00
1.336876241257729301e-05 2.409674360565652318e+00
1.399881277431950218e-05 2.570317758427583588e+00
1.465855649480956665e-05 2.736329101197798597e+00
1.534939297893202391e-05 2.907979841414392475e+00
1.607278758349176535e-05 3.085560482214388056e+00
1.683027472543225631e-05 3.269380115340782655e+00
1.762346113653963237e-05 3.459766026527097083e+00
1.845402927153620386e-05 3.657063590286779853e+00
1.932374087679250330e-05 3.861636190175413930e+00
2.023444072722755351e-05 4.073865378994434572e+00
2.118806053932377554e-05 4.294151084307833877e+00
2.218662306855666638e-05 4.522911914559013091e+00
2.323224639993033648e-05 4.760585656545478273e+00
2.432714844071979499e-05 5.007629710604998508e+00
2.547365162494962516e-05 5.264521705689459985e+00
2.667418783958794162e-05 5.531760224340636967e+00
2.793130358290468561e-05 5.809865574245021591e+00
2.924766536593587397e-05 6.099380559821933723e+00
3.062606536851101359e-05 6.400871337217918899e+00
3.206942736184088306e-05 6.714928501082909840e+00
3.358081291022823391e-05 7.042168110427152072e+00
3.516342786505619224e-05 7.383232619124076024e+00
3.682062916482884102e-05 7.738792321786417183e+00
3.855593195568782591e-05 8.109546262331374322e+00
4.037301704750867638e-05 8.496223825415235353e+00
4.227573872139197734e-05 8.899585937990556417e+00
4.426813290511037599e-05 9.320426549632024660e+00
4.635442573385247899e-05 9.759574164082192027e+00
4.853904251442220998e-05 1.021789341865785161e+01
5.082661711190781650e-05 1.069628662355477289e+01
5.322200177873104532e-05 1.119569570463615982e+01
5.573027744692502986e-05 1.171710389149479603e+01
5.835676450547240502e-05 1.226153756578558074e+01
6.110703408556359144e-05 1.283006832326073088e+01
6.398691987771303036e-05 1.342381507996222112e+01
6.700253050579889705e-05 1.404394609440603148e+01
7.016026248427330921e-05 1.469168131186215298e+01
7.346681378602710848e-05 1.536829478657598891e+01
7.692919804968837891e-05 1.607511693442586775e+01
8.055475945649029172e-05 1.681353728344242526e+01
8.435118830826415662e-05 1.758500702175804520e+01
8.832653733960066540e-05 1.839104186998290658e+01
9.248923879877960733e-05 1.923322490243709382e+01
9.684812233369901636e-05 2.011320962721778116e+01
1.014124337207421528e-04 2.103272304986685626e+01
1.061918544763088148e-04 2.199356907730663835e+01
1.111965223926096764e-04 2.299763178593626378e+01
1.164370530412827071e-04 2.404687908582404887e+01
1.219245622904439495e-04 2.514336631239397946e+01
1.276706898829340394e-04 2.628924011804840788e+01
1.336876241257733977e-04 2.748674244364841357e+01
1.399881277431955131e-04 2.873821464282255178e+01
1.465855649480961916e-04 3.004610177987402508e+01
1.534939297893208015e-04 3.141295707654605707e+01
1.607278758349182295e-04 3.284144651612079713e+01
1.683027472543232000e-04 3.433435362385169753e+01
1.762346113653969946e-04 3.589458439568480941e+01
1.845402927153627366e-04 3.752517238415391176e+01
1.932374087679258055e-04 3.922928397607763884e+01
2.023444072722763414e-04 4.101022379979447408e+01
2.118806053932385889e-04 4.287144028220985348e+01
2.218662306855675515e-04 4.481653142135038337e+01
2.323224639993043134e-04 4.684925068286683114e+01
2.432714844071989324e-04 4.897351278124030927e+01
2.547365162494972884e-04 5.119340011141154889e+01
2.667418783958805275e-04 5.351316878746266781e+01
2.793130358290480081e-04 5.593725515903342682e+01
2.924766536593599391e-04 5.847028203470608787e+01
3.062606536851113963e-04 6.111706500763035166e+01
3.206942736184100503e-04 6.388261942370368729e+01
3.358081291022836537e-04 6.677216645307687770e+01
3.516342786505633725e-04 6.979113926781538169e+01
3.682062916482898196e-04 7.294519021381681512e+01
3.855593195568798176e-04 7.624019570333462070e+01
4.037301704750884037e-04 7.968226350290349558e+01
4.227573872139214674e-04 8.327773747682067551e+01
4.426813290511055353e-04 8.703320326132073603e+01
4.635442573385266602e-04 9.095549296876697554e+01
4.853904251442240107e-04 9.505169019524056750e+01
5.082661711190801165e-04 9.932913320002862179e+01
5.322200177873124454e-04 1.037954179575638847e+02
5.573027744692524805e-04 1.084584013631823467e+02
5.835676450547263271e-04 1.133262011726241525e+02
6.110703408556383267e-04 1.184071978314350986e+02
6.398691987771329328e-04 1.237100323057396878e+02
6.700253050579916539e-04 1.292436052496434229e+02
7.016026248427357755e-04 1.350170719548391389e+02
7.346681378602739308e-04 1.410398387125977422e+02
7.692919804968866623e-04 1.473215551624227260e+02
8.055475945649059801e-04 1.538721060965344236e+02
8.435118830826447917e-04 1.607016021207638801e+02
8.832653733960100150e-04 1.678203656197869975e+02
9.248923879877996241e-04 1.752389190438137234e+02
9.684812233369939584e-04 1.829679667783281047e+02
1.014124337207425539e-03 1.910183792749189706e+02
1.061918544763092295e-03 1.994011717558757653e+02
1.111965223926101101e-03 2.081274839677289208e+02
1.164370530412831787e-03 2.172085537288531896e+02
1.219245622904444265e-03 2.266556959617342670e+02
1.276706898829345219e-03 2.364802687540098418e+02
1.336876241257739127e-03 2.466936493306901355e+02
1.399881277431960606e-03 2.573064083114564937e+02
1.465855649480967554e-03 2.683298628053875632e+02
1.534939297893214141e-03 2.797758557212109167e+02
1.607278758349188312e-03 2.916554279911106278e+02
1.683027472543238397e-03 3.039794126762188284e+02
1.762346113653976559e-03 3.167583849390406954e+02
1.845402927153634359e-03 3.300025717454506093e+02
1.932374087679265048e-03 3.437217764725185702e+02
2.023444072722770624e-03 3.579252713908183523e+02
2.118806053932393695e-03 3.726216865000798748e+02
2.218662306855683809e-03 3.878188926814821116e+02
2.323224639993051212e-03 4.035238158738973198e+02
2.432714844071997944e-03 4.197424182758394409e+02
2.547365162494981666e-03 4.364793439203341450e+02
2.667418783958814057e-03 4.537379486786251732e+02
2.793130358290488863e-03 4.715201080584351416e+02
2.924766536593608173e-03 4.898259977487373362e+02
3.062606536851120251e-03 5.086540580713679560e+02
3.206942736184094540e-03 5.280007622858950072e+02
3.358081291022776364e-03 5.478604908649723484e+02
3.516342786505356494e-03 5.682253995502989028e+02
3.682062916481788732e-03 5.890849938435432023e+02
3.855593195564623130e-03 6.104261081474920729e+02
4.037301704735909470e-03 6.322326762393335002e+02
4.227573872087749332e-03 6.544850606300778963e+02
4.426813290341235357e-03 6.771604200205894131e+02
4.635442572846592245e-03 7.002321907057062162e+02
4.853904249797961860e-03 7.236697881985472804e+02
5.082661706356216176e-03 7.474386832111147214e+02
5.322200164167804372e-03 7.714998949644354980e+02
5.573027707197872674e-03 7.958093971212525730e+02
5.835676351464490902e-03 8.203184996819863954e+02
6.110703155411770574e-03 8.449732137195263704e+02
6.398691361923487461e-03 8.697143209191505093e+02
6.700251551996781567e-03 8.944756785757190301e+02
7.016022770007446056e-03 9.191869884614918647e+02
7.346673545321469150e-03 9.437700983148023397e+02
7.692902675989763024e-03 9.681410393495274320e+02
8.055439545407197879e-03 9.922089441719475644e+02
8.435043596908022717e-03 1.015875347196011148e+03
8.832502376934637037e-03 1.039034966434055832e+03
9.248627258003178433e-03 1.061575521699644014e+03
9.684245558101647541e-03 1.083373558035368887e+03
1.014018729025613179e-02 1.104301050555045549e+03
1.061726424563623830e-02 1.124232132717537070e+03
1.111623863620641445e-02 1.143004297468765799e+03
1.163777829268050276e-02 1.160471817925860478e+03
1.218239575316782883e-02 1.176482363495296340e+03
1.275036995066240915e-02 1.190893854266456401e+03
1.334165215346551012e-02 1.203491723383046292e+03
1.395576272764381502e-02 1.214188975652303270e+03
1.459169197771094037e-02 1.222830163939406930e+03
1.524782537665436873e-02 1.229308512414901998e+03
1.592191790852090852e-02 1.233555653496761806e+03
1.661113996103320486e-02 1.235551680365463881e+03
1.731220526945410204e-02 1.235320322469385701e+03
1.802157108512350558e-02 1.232943756426184336e+03
1.873567904158346398e-02 1.228549256038827252e+03
1.945119215332382842e-02 1.222302000675166710e+03
2.016518571159649220e-02 1.214388655544940548e+03
2.087526603101444098e-02 1.205009406941957877e+03
2.157961254707169152e-02 1.194366270427476138e+03
2.227695627005176274e-02 1.182648024238269727e+03
2.296651615026746099e-02 1.170030245159070319e+03
2.364791502092358083e-02 1.156675657033077414e+03
2.432109193155692836e-02 1.142716921407358086e+03
2.498622143774251181e-02 1.128283074987273267e+03
2.564364499811246784e-02 1.113476146825193382e+03
2.629381586387591688e-02 1.098392901018420162e+03
2.693725666540247587e-02 1.083101669626483726e+03
2.757452789255858058e-02 1.067675289535479578e+03
2.820620518902283019e-02 1.052176292507574772e+03
2.883286349439494883e-02 1.036645496008576856e+03
2.945506634967956505e-02 1.021136233403752840e+03
3.007335900537832368e-02 1.005679147254151417e+03
3.068826427439674820e-02 9.903141958097437509e+02
3.130028032929518117e-02 9.750608518415576782e+02
3.190987985001165345e-02 9.599527915467003822e+02
3.251751008821208988e-02 9.450083543729052735e+02
3.312359353540033496e-02 9.302555391835676346e+02
3.372852897181578824e-02 9.157036873589590869e+02
3.433269273909970304e-02 9.013768914240210961e+02
3.493644012762344570e-02 8.872822016140723917e+02
3.554010680389238508e-02 8.734355010357420497e+02
3.614401022812751413e-02 8.598509005979774429e+02
3.674845102965308002e-02 8.465350489095018247e+02
3.735371432005984288e-02 8.334940447103001588e+02
3.796007093272071864e-02 8.207451559819818385e+02
3.856777858316505492e-02 8.082883754985937230e+02
3.917708294883606029e-02 7.961317650017601864e+02
3.978821866941701507e-02 7.842812488301134408e+02
4.040141027061412010e-02 7.727336029547263934e+02
4.101687301531463381e-02 7.615022197739895091e+02
4.163481368660330861e-02 7.505832076827541641e+02
4.225543130736413716e-02 7.399781383140127673e+02
4.287891780122469326e-02 7.296896447912573649e+02
4.350545859948799082e-02 7.197157880169454529e+02
4.413523319849715215e-02 7.100547453683827825e+02
4.476841567162523350e-02 7.007046524570007477e+02
4.540517513980319581e-02 6.916673140938362394e+02
4.604567620420984414e-02 6.829302474437122328e+02
4.669007934445994212e-02 6.744937688353256817e+02
4.733854128534885353e-02 6.663556939891624324e+02
4.799121533494738606e-02 6.585011367627743084e+02
4.864825169659278692e-02 6.509299641239190350e+02
4.930979775709172508e-02 6.436352776343870801e+02
4.997599835323862649e-02 6.366059708042660077e+02
5.064699601855838368e-02 6.298244747232637337e+02
5.132293121200452723e-02 6.232918897973348749e+02
5.200394253018263135e-02 6.169934575189846555e+02
5.269016690452154456e-02 6.109155088350019014e+02
5.338173978468241376e-02 6.050469691009650433e+02
5.407879530937485107e-02 5.993736471173079963e+02
5.478146646564103356e-02 5.938812278250893542e+02
5.548988523756994556e-02 5.885574384910752315e+02
5.620418274531555070e-02 5.833821672172585977e+02
5.692448937521224495e-02 5.783413375226817834e+02
5.765093490170870860e-02 5.734196672568306212e+02
5.838364860177600035e-02 5.685956044281090271e+02
5.912275936238653440e-02 5.638561395350885732e+02
5.986839578160737391e-02 5.591807335549236768e+02
6.062068626380308356e-02 5.545531781051392954e+02
6.137975910939968971e-02 5.499515581312317636e+02
6.214574259962199476e-02 5.453600918092458869e+02
6.291876507658061835e-02 5.407594465374062338e+02
6.369895501905289970e-02 5.361324194615536953e+02
6.448644111427248582e-02 5.314593241596697908e+02
6.528135232601571525e-02 5.267232831107153288e+02
6.608381795924880842e-02 5.219089676589925375e+02
6.689396772157822635e-02 5.169980602051775804e+02
6.771193178172607574e-02 5.119765488952256760e+02
6.853784082523488308e-02 5.068318860731462792e+02
6.937182610758925450e-02 5.015483394477291768e+02
7.021401950492707489e-02 4.961170562754761022e+02
7.106455356249911925e-02 4.905272846450633892e+02
7.192356154102377830e-02 4.847702796607744631e+02
7.279117746107181819e-02 4.788412383277103572e+02
7.366753614560611618e-02 4.727363740320490706e+02
7.455277326079179367e-02 4.664525233791320602e+02
7.544702535518335584e-02 4.599904048746793137e+02
7.635042989738796693e-02 4.533527240202923281e+02
7.726312531229631575e-02 4.465443919177445764e+02
7.818525101596661420e-02 4.395723895804108565e+02
7.911694744924047118e-02 4.324462383224440032e+02
8.005835611016511033e-02 4.251781789976467394e+02
8.100961958528996032e-02 4.177818521236490596e+02
8.197088157990257973e-02 4.102739869985659311e+02
8.294228694726363260e-02 4.026735201775502446e+02
8.392398171689766095e-02 3.949987440953129294e+02
8.491611312199247308e-02 3.872728171304860325e+02
8.591882962595720485e-02 3.795176260004838582e+02
8.693228094818622465e-02 3.717576734761395869e+02
8.795661808907344337e-02 3.640191999340351572e+02
8.899199335431944025e-02 3.563275047578513295e+02
9.003856037857181638e-02 3.487079556247305163e+02
9.109647414843714819e-02 3.411857498594969229e+02
9.216589102490152507e-02 3.337889854220130701e+02
9.324696876519521227e-02 3.265400301936642222e+02
9.433986654413546724e-02 3.194613409287001105e+02
9.544474497498087184e-02 3.125788134407541747e+02
9.656176612982896035e-02 3.059092648091639148e+02
9.769109355958922880e-02 2.994735679910263002e+02
9.883289231356141846e-02 2.932868024647577272e+02
9.998732895864990977e-02 2.873629120537134440e+02
1.011545715982437310e-01 2.817125305833653215e+02
1.023347898907916165e-01 2.763457431022498554e+02
1.035281550681016599e-01 2.712652808093993713e+02
1.047348399533943319e-01 2.664742182353788849e+02
1.059550189791384905e-01 2.619704070855313489e+02
1.071888682046991947e-01 2.577498004115559525e+02
1.084365653338271451e-01 2.538041890766914435e+02
1.096982897320192274e-01 2.501214527955730489e+02
1.109742224437801905e-01 2.466887829841699045e+02
1.122645462098158242e-01 2.434877015092759507e+02
1.135694454841885692e-01 2.404963124278009445e+02
1.148891064514669935e-01 2.376925614125628101e+02
1.162237170439009565e-01 2.350490697593641016e+02
1.175734669586552539e-01 2.325384944523766535e+02
1.189385476751349119e-01 2.301302692012803277e+02
1.203191524724363942e-01 2.277927629096766111e+02
1.217154764469595835e-01 2.254933119616414103e+02
1.231277165302159943e-01 2.231999875046174111e+02
1.245560715068704388e-01 2.208798951367984387e+02
1.260007420330530592e-01 2.185025399098009586e+02
1.274619306549808206e-01 2.160371489449196361e+02
1.289398418279278369e-01 2.134591661135146694e+02
1.304346819355849951e-01 2.107443319283200083e+02
1.319466593098510276e-01 2.078741950347649379e+02
1.334759842510973848e-01 2.048348568249031985e+02
1.350228690489515548e-01 2.016174898330764620e+02
1.365875280036433215e-01 1.982191887887189239e+02
1.381701774479608680e-01 1.946432707163524753e+02
1.397710357698642991e-01 1.908980597543630040e+02
1.413903234358055150e-01 1.869990256158405373e+02
1.430282630148045353e-01 1.829666776645850632e+02
1.446850792033341215e-01 1.788257393958767807e+02
1.463609988510654325e-01 1.746057905920381188e+02
1.480562509875292532e-01 1.703398693930422780e+02
1.497710668497480579e-01 1.660624213049941034e+02
1.515056799108966679e-01 1.618101296700660612e+02
1.532603259100500659e-01 1.576192932512172717e+02
1.550352428830776563e-01 1.535245301462040288e+02
1.568306711947469179e-01 1.495590908018685070e+02
1.586468535720987061e-01 1.457546968184657601e+02
1.604840351391592645e-01 1.421352602692740845e+02
1.623424634530553634e-01 1.387229800401840407e+02
1.642223885416006501e-01 1.355314088565126269e+02
1.661240629424228787e-01 1.325691221442401684e+02
1.680477417437035159e-01 1.298408935003728573e+02
1.699936826266028600e-01 1.273413495298280509e+02
1.719621459094460569e-01 1.250626190308991568e+02
1.739533945937466186e-01 1.229863212130811121e+02
1.759676944121461584e-01 1.210912209179772674e+02
1.780053138783520561e-01 1.193513609077557049e+02
1.800665243391547377e-01 1.177343772066151075e+02
1.821516000286105552e-01 1.162083442490936847e+02
1.842608181244770882e-01 1.147371062124568368e+02
1.863944588069902375e-01 1.132974202508348753e+02
1.885528053200754284e-01 1.118472206971471081e+02
1.907361440350868187e-01 1.103470348412398465e+02
1.929447645171716574e-01 1.087678843675578690e+02
1.951789595943591582e-01 1.070856036017222408e+02
1.974390254294766112e-01 1.052831951585004617e+02
1.997252615949978716e-01 1.033527506483940073e+02
2.020379711509324716e-01 1.012948665688969641e+02
2.043774607258675713e-01 9.911877999898615599e+01
2.067440406012767962e-01 9.684406685290774419e+01
2.091380247992159491e-01 9.449475110631321684e+01
2.115597311735266106e-01 9.210137056259401334e+01
2.140094815046751087e-01 8.969483847022674183e+01
2.164876015983565050e-01 8.731074023385194494e+01
2.189944213879996548e-01 8.497941095224332742e+01
2.215302750413118416e-01 8.272662526892163726e+01
2.240955010710084794e-01 8.057983933276888422e+01
2.266904424498776272e-01 7.855624144597280178e+01
2.293154467303346600e-01 7.666668507572840952e+01
2.319708661686279982e-01 7.492302392589436977e+01
2.346570578538647034e-01 7.332356124713082579e+01
2.373743838420289687e-01 7.186168117149935597e+01
2.401232112951752762e-01 7.052627973707092224e+01
2.429039126259848469e-01 6.929762694233345144e+01
2.457168656478824487e-01 6.815109000703465369e+01
2.485624537309174820e-01 6.705757190468025897e+01
2.514410659636251433e-01 6.598835420361133686e+01
2.543530973210892943e-01 6.491635069433860394e+01
2.572989488394419877e-01 6.381615541336024933e+01
2.602790277970433164e-01 6.267123086098641949e+01
2.632937479025973526e-01 6.146960775903952623e+01
2.663435294904725748e-01 6.020654442233622916e+01
2.694287997235069176e-01 5.888417789982741368e+01
2.725499928035917119e-01 5.751103112316589261e+01
2.757075501903450965e-01 5.610138378883076626e+01
2.789019208281970919e-01 5.467561451942876971e+01
2.821335613822293364e-01 5.325562743786520770e+01
2.854029364831274229e-01 5.186542872989743103e+01
2.887105189816230877e-01 5.052690969254381059e+01
2.920567902128236026e-01 4.925758104374018842e+01
2.954422402708464790e-01 4.806859361220617188e+01
2.988673682942013521e-01 4.696331921972586088e+01
3.023326827623828428e-01 4.593843783534584446e+01
3.058387018041656691e-01 4.498478359421652328e+01
3.093859535181198162e-01 4.408951440262985955e+01
3.129749763058925494e-01 4.323728006294972914e+01
3.166063192188353637e-01 4.241148994104043624e+01
3.202805423185864364e-01 4.159543363232194935e+01
3.239982170522552885e-01 4.077388077908548780e+01
3.277599266428925517e-01 3.993482587944876627e+01
3.315662664959703743e-01 3.907157310310859089e+01
3.354178446226382948e-01 3.818411978912041604e+01
3.393152820805684922e-01 3.727818400220490247e+01
3.432592134332514977e-01 3.636421773607192165e+01
3.472502872286558073e-01 3.545426875813435430e+01
3.512891664982214501e-01 3.456033431704284453e+01
3.553765292772165796e-01 3.369320778796274851e+01
3.595130691475507123e-01 3.286201931993960557e+01
3.636994958042065185e-01 3.207273431836795652e+01
3.679365356465255088e-01 3.132797584656411516e+01
3.722249323956614564e-01 3.062511979492373371e+01
3.765654477396007671e-01 2.995667134700324752e+01
3.809588620072369425e-01 2.931241902069103489e+01
3.854059748730874757e-01 2.868161258965563576e+01
3.899076060943419408e-01 2.805575946250383623e+01
3.944645962820444995e-01 2.742919354801608733e+01
3.990778077083337871e-01 2.679894261155614998e+01
4.037481251517932024e-01 2.616441321112621665e+01
4.084764567831039583e-01 2.552788884687490167e+01
4.132637350933441311e-01 2.489489907867260143e+01
4.181109178674388138e-01 2.427279598282288120e+01
4.230189892054410095e-01 2.366852671687582443e+01
4.279889605945126907e-01 2.308644214120565863e+01
4.330218720346788452e-01 2.252770774360605444e+01
4.381187932216465963e-01 2.199129103506480831e+01
4.432808247902226828e-01 2.147491923158343141e+01
4.485090996221165471e-01 2.097521761473147350e+01
4.538047842222004413e-01 2.048705779198255783e+01
4.591690801675959444e-01 2.000522327325571581e+01
4.646032256342891298e-01 1.952620282337963076e+01
4.701084970063304502e-01 1.904989697549643068e+01
4.756862105730638723e-01 1.857794262170061117e+01
4.813377243202531242e-01 1.811278770475360034e+01
4.870644398214268311e-01 1.765645264600383868e+01
4.928678042362698020e-01 1.721163070854775157e+01
4.987493124234270714e-01 1.678085957950818141e+01
5.047105091756856066e-01 1.636473492099736404e+01
5.107529915861438452e-01 1.596124845516157009e+01
5.168784115546921631e-01 1.556781994593292318e+01
5.230884784448982527e-01 1.518275302449951880e+01
5.293849619022480413e-01 1.480479900237960855e+01
5.357696948456177610e-01 1.443229517747591295e+01
5.422445766448765747e-01 1.406447325906017198e+01
5.488115764986444267e-01 1.370289217071690580e+01
5.554727370274595843e-01 1.334939795077342772e+01
5.622301780989703568e-01 1.300458759856256208e+01
5.690861009032603945e-01 1.266836888378622383e+01
5.760427922980685400e-01 1.234110359713049121e+01
5.831026294454845216e-01 1.202297782884983235e+01
5.902680847637135075e-01 1.171154231526349143e+01
5.975417312197353059e-01 1.140587234104572190e+01
6.049262479911456936e-01 1.110620612455274525e+01
6.124244265282117183e-01 1.081222649883983244e+01
6.200391770502056143e-01 1.052418219910627073e+01
6.277735355134692607e-01 1.024198826433774023e+01
6.356306710924183312e-01 9.967436070992341968e+00
6.436138942188908141e-01 9.699087574329890771e+00
6.517266652299278373e-01 9.436923995403287080e+00
6.599726036793022166e-01 9.180884904869719421e+00
6.683554983739679045e-01 8.930212599541084373e+00
6.768793182031612732e-01 8.684246597294729142e+00
6.855482238352487157e-01 8.444048784822244968e+00
6.943665803656867697e-01 8.208699273714255895e+00
7.033389710087731839e-01 7.978575289459419295e+00
7.124702119363601760e-01 7.754125153391814074e+00
7.217653683785456575e-01 7.534576778208113446e+00
7.312297721147489327e-01 7.319803426984972106e+00
7.408690404987389178e-01 7.109932460097051710e+00
7.506890971783762856e-01 6.904263617340809844e+00
7.606961946903557648e-01 6.703220671465096814e+00
7.708969391324559384e-01 6.507133327644261556e+00
7.812983171411170824e-01 6.314393305932838985e+00
7.919077254310604719e-01 6.126637115483140938e+00
8.027330031867079274e-01 5.942723973260253700e+00
8.137824676329847851e-01 5.762988201257972953e+00
8.250649531564983041e-01 5.587160969825696988e+00
8.365898543979577440e-01 5.415090717274039456e+00
8.483671737941044233e-01 5.246895163502625081e+00
8.604075741136114619e-01 5.082187548841689662e+00
8.727224366078529805e-01 4.921444734212715666e+00
8.853239254858574769e-01 4.763995576280509958e+00
8.982250595252105896e-01 4.610119424754853590e+00
9.114397917495351553e-01 4.459368026593486967e+00
9.249830982413081992e-01 4.312122343372695177e+00
9.388710773194973713e-01 4.167946884101167981e+00
9.531210604987441215e-01 4.027049899432886271e+00
9.677517368651720187e-01 3.889107209830720446e+00
9.827832927587716316e-01 3.754027918006471509e+00
9.982375689499297655e-01 3.622213548921916715e+00
1.014138237845315871e+00 3.492960564263407619e+00
1.030511003664290826e+00 3.366751615239449436e+00
1.047383829000692934e+00 3.243304131135340995e+00
1.064787191736691785e+00 3.121857218282154456e+00
1.082754376916745809e+00 3.003506934630437719e+00
1.101321808932232527e+00 2.887531356759581946e+00
1.120529430222394707e+00 2.774307886768117015e+00
1.140421133674343723e+00 2.662919807259881200e+00
1.161045257009182263e+00 2.554262504792137012e+00
1.182455148669888212e+00 2.447745736961976615e+00
1.204709816062109029e+00 2.343558912506556347e+00
1.227874668400109170e+00 2.241486347848505201e+00
1.252022367796842284e+00 2.141380033940948113e+00
1.277233803468756479e+00 2.043744290752627091e+00
1.303599204768434383e+00 1.948036639413979421e+00
1.331219408836837870e+00 1.854208246591263265e+00
1.360207297399638415e+00 1.762402563642477604e+00
1.390689413738294355e+00 1.672535847051271229e+00
1.422807763849379237e+00 1.584577348916555328e+00
1.456721793412865118e+00 1.498593805557338010e+00
1.492610511875782864e+00 1.414447117134020715e+00
1.530674703405736858e+00 1.332173698781836446e+00
1.571139117705580679e+00 1.251864015343522318e+00
1.614254467621440092e+00 1.173197036130984250e+00
1.660298972313143162e+00 1.097084271438633074e+00
1.709579075771010093e+00 1.022676818402493248e+00
1.762428850887697296e+00 9.506815250519196070e-01
1.819207495364619565e+00 8.807403847992801849e-01
1.880294287442067391e+00 8.132561797314012964e-01
1.946080473928930132e+00 7.483328517709552097e-01
2.016957903271166419e+00 6.861827326628601176e-01
2.093304861657969695e+00 6.268321583906136807e-01
2.175470491957367081e+00 5.707263308709813465e-01
2.263760163733009811e+00 5.178876949717131639e-01
2.358424805892701315e+00 4.684829654679731337e-01
2.459657033634705225e+00 4.225629890062681526e-01
2.567595655563507773e+00 3.801769729529318465e-01
2.682338115609762763e+00 3.413008530247564898e-01
2.803958393736257548e+00 3.058619101143490449e-01
2.932526725452886396e+00 2.736664573488009067e-01
3.068127610135964023e+00 2.445976794890484529e-01
3.210873706785042803e+00 2.183936294242735665e-01
3.360914710114393245e+00 1.948729744433470301e-01
3.518441553360023288e+00 1.737418023955941693e-01
3.683687005795827307e+00 1.548241091505127287e-01
3.856923940526868932e+00 1.379572843078885891e-01
4.038462416263060462e+00 1.228971731749248231e-01
4.228646433708256325e+00 1.093434614553411566e-01
4.427850924999102489e+00 9.731999672688525227e-02
4.636479280628705624e+00 8.658676430845146932e-02
4.854961533624194914e+00 7.698131858561274576e-02
5.083753201805744304e+00 6.851309765179121325e-02
5.323334722426276144e+00 6.091230534245949124e-02
5.574211384433898964e+00 5.414491261876809569e-02
5.836913658873376320e+00 4.812679995973864061e-02
6.111997837247349352e+00 4.273565995822117825e-02
6.400046903544740040e+00 3.798844509946928960e-02
6.701671583159408030e+00 3.375474410740277043e-02
7.017511528129986687e+00 2.997355295045022253e-02
7.348236611607034341e+00 2.659851798502528564e-02
7.694548314804565692e+00 2.358792868395206618e-02
8.057181197146181972e+00 2.094930262640157595e-02
8.436904445393944130e+00 1.858417944709527328e-02
8.834523500847938138e+00 1.648474055792203616e-02
9.250881765769570109e+00 1.460784426938268286e-02
9.686862391444771347e+00 1.295453369227983140e-02
1.014339015107741027e+01 1.149228442828505517e-02
1.062143340119719248e+01 1.018552829837538962e-02
1.112200613561059548e+01 9.030509611131042405e-03
1.164617013619385411e+01 8.009762879623995302e-03
1.219503722506606280e+01 7.091664033337038119e-03
1.276977162291000134e+01 6.284063131221559115e-03
1.337159241843930246e+01 5.567244680173910956e-03
1.400177615424875910e+01 4.930342631788401861e-03
1.466165953453220716e+01 4.360722324009186704e-03
1.535264226041133817e+01 3.868851716406171339e-03
1.607618999888940792e+01 3.418477783547969624e-03
1.683383749172745780e+01 3.022721144725137605e-03
1.762719181083737041e+01 2.676998623378269888e-03
1.845793576709684558e+01 2.370404467400200142e-03
1.932783147981688643e+01 2.089787849100595892e-03
2.023872411443312913e+01 1.858005353811815813e-03
2.119254579634909064e+01 1.638834792736081026e-03
2.219131970923321973e+01 1.453637645359004979e-03
2.323716438646269111e+01 1.281244277904059533e-03
2.433229820481675176e+01 1.131945542143290634e-03
2.547904408995127667e+01 1.000408347810800283e-03
2.667983444363553502e+01 8.841866211819928009e-04
2.793721630320246163e+01 7.799231539244332783e-04
2.925385674415631243e+01 6.905456650112629449e-04
3.063254853739741890e+01 6.189431832315524891e-04
3.207621607306366940e+01 5.361303880718643619e-04
3.358792156355409020e+01 4.771092522164533723e-04
3.517087153889189466e+01 4.191908644214178579e-04
3.682842364820457703e+01 3.707010506094166415e-04
3.856409378174787150e+01 3.272370544319420514e-04
4.038156352858037934e+01 2.899515656079775438e-04
4.228468798570753506e+01 2.558595168822457087e-04
4.427750393525924721e+01 2.260133092195510665e-04
4.636423840704600963e+01 1.987654972981952705e-04
4.854931764465584365e+01 1.771005793940987744e-04
5.083737649411040138e+01 1.544132094496079941e-04
5.323326823499476035e+01 1.363797051186495073e-04
5.574207487491413815e+01 1.202823225689636847e-04
5.836911792911337216e+01 1.059744105660319628e-04
6.111996970812420926e+01 9.356920659123448762e-05
6.400046513738307397e+01 8.242853445489610172e-05
6.701671413389014731e+01 7.301162767779744280e-05
7.017511456616259125e+01 6.401688064882280480e-05
7.348236582497136737e+01 5.540982134587625130e-05
7.694548303364732078e+01 5.136866268033219883e-05
8.057181192809824211e+01 4.366382756472228098e-05
8.436904443809967802e+01 3.932438116334454454e-05
8.834523500290913489e+01 3.395580160896357041e-05
9.250881765581175387e+01 2.991136313749415398e-05
9.686862391383557735e+01 2.631558866329567140e-05
1.014339015105832971e+02 2.308473704471426344e-05
1.062143340119150423e+02 2.024238747558888349e-05
1.112200613560898717e+02 1.814709091002571394e-05
1.164617013619343737e+02 1.590388570959897600e-05
1.219503722506598251e+02 1.486299297601123142e-05
1.276977162291001520e+02 1.214152002111327226e-05
1.337159241843934296e+02 1.050524315210362057e-05
1.400177615424880457e+02 9.494782889048149801e-06
1.466165953453225939e+02 8.283237426568301274e-06
1.535264226041139466e+02 7.405291565046863645e-06
1.607618999888946405e+02 5.779802765673147980e-06
1.683383749172751607e+02 5.587507907676307807e-06
1.762719181083743365e+02 4.984548729418137323e-06
1.845793576709690740e+02 4.615440376115751951e-06
1.932783147981695322e+02 3.672462337780585811e-06
2.023872411443319663e+02 3.313462205744152038e-06
2.119254579634915956e+02 2.904756115578852431e-06
2.219131970923329220e+02 2.448416084513440918e-06
2.323716438646276572e+02 2.292725536954560362e-06
2.433229820481682850e+02 1.861738791312557383e-06
2.547904408995135555e+02 1.680869743895571863e-06
2.667983444363561603e+02 1.476751387523164329e-06
2.793721630320254690e+02 1.225994688808636938e-06
2.925385674415639983e+02 1.182575017290021138e-06
3.063254853739750843e+02 9.380778254035945678e-07
3.207621607306376177e+02 9.557276191497623480e-07
3.358792156355418683e+02 6.439666763297045318e-07
3.517087153889199840e+02 6.830449907497719685e-07
3.682842364820468788e+02 6.767412437174667835e-07
3.856409378174798803e+02 4.956766281178147649e-07
4.038156352858049445e+02 5.673884765168729289e-07
4.228468798570765443e+02 3.138538018250336407e-07
4.427750393525937511e+02 2.969363751494665239e-07
4.636423840704614463e+02 2.726274086275725813e-07
4.854931764465598576e+02 2.444084888610736539e-07
5.083737649411054349e+02 1.514729351621801262e-07
5.323326823499490956e+02 1.708002051135491572e-07
5.574207487491429447e+02 1.334481160845658525e-07
5.836911792911354269e+02 1.449507774173896697e-07
6.111996970812439258e+02 1.191768863108591254e-07
6.400046513738326439e+02 1.165059141787540118e-07
6.701671413389035479e+02 9.689477402432135582e-08
7.017511456616281293e+02 6.010409170035027246e-08
7.348236582497160043e+02 5.284187344865877410e-08
7.694548303364756521e+02 4.386288004821025188e-08
8.057181192809850927e+02 5.925882207721641446e-08
8.436904443809994518e+02 4.316756042933776564e-08
8.834523500290941911e+02 3.398709020395308705e-08
9.250881765581204945e+02 1.639230983419278610e-08
9.686862391383589284e+02 1.994195417144806398e-08
1.014339015105836438e+03 2.499806464672644414e-08
1.062143340119154118e+03 3.237059896458087432e-08
1.112200613560902639e+03 1.354386773867755384e-08
1.164617013619347745e+03 1.432635683032471418e-08
1.219503722506602344e+03 9.808042798124400675e-09
1.276977162291005698e+03 3.419028241905061830e-09
1.337025525919754500e+03 2.887168825599273439e-08
